-0.12, 1.24, 0.09, 0.07515, -0.04745, 0.01929, 0.99586
-0.12, 1.24, 0.09, 0.07494, -0.04759, 0.01928, 0.99587
-0.12, 1.24, 0.09, 0.07421, -0.04807, 0.01938, 0.99589
-0.12, 1.24, 0.09, 0.07391, -0.04802, 0.01930, 0.99592
-0.12, 1.24, 0.09, 0.07386, -0.04822, 0.01946, 0.99591
-0.12, 1.24, 0.09, 0.07345, -0.04832, 0.01943, 0.99594
-0.12, 1.24, 0.09, 0.07319, -0.04835, 0.01948, 0.99596
-0.12, 1.24, 0.09, 0.07299, -0.04835, 0.01952, 0.99597
-0.12, 1.24, 0.09, 0.07272, -0.04857, 0.01934, 0.99598
-0.12, 1.24, 0.09, 0.07268, -0.04860, 0.01950, 0.99598
-0.12, 1.24, 0.09, 0.07261, -0.04869, 0.01953, 0.99598
-0.12, 1.24, 0.09, 0.07239, -0.04893, 0.01958, 0.99598
-0.12, 1.24, 0.09, 0.07244, -0.04907, 0.01972, 0.99597
-0.12, 1.24, 0.09, 0.07227, -0.04932, 0.01978, 0.99597
-0.12, 1.24, 0.09, 0.07204, -0.04936, 0.01996, 0.99598
-0.12, 1.24, 0.09, 0.07188, -0.04957, 0.02001, 0.99598
-0.12, 1.24, 0.09, 0.07186, -0.04987, 0.02008, 0.99596
-0.12, 1.24, 0.09, 0.07169, -0.05016, 0.02021, 0.99596
-0.12, 1.24, 0.09, 0.07167, -0.05042, 0.02036, 0.99595
-0.12, 1.24, 0.09, 0.07168, -0.05065, 0.02054, 0.99593
-0.12, 1.24, 0.09, 0.07174, -0.05099, 0.02053, 0.99591
-0.12, 1.24, 0.09, 0.07144, -0.05105, 0.02057, 0.99593
-0.12, 1.24, 0.09, 0.07131, -0.05145, 0.02060, 0.99591
-0.12, 1.24, 0.09, 0.07112, -0.05180, 0.02064, 0.99591
-0.12, 1.24, 0.09, 0.07117, -0.05214, 0.02085, 0.99588
-0.12, 1.24, 0.09, 0.07093, -0.05239, 0.02084, 0.99589
-0.12, 1.24, 0.09, 0.07092, -0.05285, 0.02087, 0.99586
-0.12, 1.24, 0.09, 0.07067, -0.05320, 0.02108, 0.99586
-0.12, 1.24, 0.09, 0.07061, -0.05360, 0.02110, 0.99584
-0.12, 1.24, 0.09, 0.07047, -0.05398, 0.02107, 0.99583
-0.12, 1.24, 0.09, 0.07056, -0.05456, 0.02112, 0.99579
-0.12, 1.24, 0.09, 0.07052, -0.05510, 0.02113, 0.99576
-0.12, 1.24, 0.09, 0.07067, -0.05557, 0.02096, 0.99573
-0.12, 1.24, 0.09, 0.07076, -0.05603, 0.02078, 0.99570
-0.12, 1.24, 0.09, 0.07082, -0.05664, 0.02087, 0.99566
-0.12, 1.24, 0.09, 0.07120, -0.05737, 0.02108, 0.99559
-0.12, 1.24, 0.09, 0.07172, -0.05798, 0.02151, 0.99551
-0.12, 1.24, 0.09, 0.07217, -0.05853, 0.02192, 0.99543
-0.12, 1.24, 0.09, 0.07263, -0.05951, 0.02252, 0.99533
-0.12, 1.24, 0.09, 0.07296, -0.06019, 0.02285, 0.99525
-0.12, 1.24, 0.09, 0.07299, -0.06106, 0.02291, 0.99520
-0.12, 1.24, 0.09, 0.07282, -0.06176, 0.02325, 0.99516
-0.12, 1.24, 0.09, 0.07259, -0.06238, 0.02357, 0.99513
-0.12, 1.24, 0.09, 0.07288, -0.06333, 0.02384, 0.99504
-0.12, 1.24, 0.09, 0.07297, -0.06420, 0.02419, 0.99497
-0.12, 1.24, 0.09, 0.07267, -0.06520, 0.02431, 0.99493
-0.12, 1.24, 0.09, 0.07195, -0.06601, 0.02445, 0.99492
-0.12, 1.24, 0.09, 0.07119, -0.06688, 0.02429, 0.99492
-0.12, 1.24, 0.09, 0.07079, -0.06781, 0.02436, 0.99489
-0.12, 1.24, 0.09, 0.07010, -0.06864, 0.02442, 0.99488
-0.12, 1.24, 0.09, 0.06919, -0.06955, 0.02456, 0.99487
-0.12, 1.24, 0.09, 0.06846, -0.07035, 0.02445, 0.99487
-0.12, 1.24, 0.09, 0.06744, -0.07098, 0.02418, 0.99490
-0.12, 1.24, 0.09, 0.06639, -0.07170, 0.02378, 0.99493
-0.12, 1.24, 0.09, 0.06528, -0.07231, 0.02358, 0.99496
-0.12, 1.24, 0.09, 0.06464, -0.07303, 0.02346, 0.99496
-0.12, 1.24, 0.09, 0.06391, -0.07353, 0.02347, 0.99497
-0.12, 1.24, 0.09, 0.06305, -0.07412, 0.02339, 0.99498
-0.12, 1.24, 0.09, 0.06231, -0.07431, 0.02333, 0.99501
-0.12, 1.24, 0.09, 0.06168, -0.07482, 0.02329, 0.99501
-0.12, 1.24, 0.09, 0.06117, -0.07511, 0.02316, 0.99503
-0.12, 1.24, 0.09, 0.06075, -0.07547, 0.02310, 0.99503
-0.12, 1.24, 0.09, 0.06020, -0.07569, 0.02310, 0.99504
-0.12, 1.24, 0.09, 0.06014, -0.07577, 0.02305, 0.99504
-0.12, 1.24, 0.09, 0.06000, -0.07592, 0.02280, 0.99505
-0.12, 1.24, 0.09, 0.05994, -0.07611, 0.02272, 0.99504
-0.12, 1.24, 0.09, 0.05977, -0.07612, 0.02255, 0.99505
-0.12, 1.24, 0.09, 0.05988, -0.07624, 0.02249, 0.99504
-0.12, 1.24, 0.09, 0.06016, -0.07626, 0.02231, 0.99502
-0.12, 1.24, 0.09, 0.06033, -0.07642, 0.02221, 0.99500
-0.12, 1.24, 0.09, 0.06036, -0.07647, 0.02213, 0.99500
-0.12, 1.24, 0.09, 0.06076, -0.07664, 0.02194, 0.99496
-0.12, 1.24, 0.09, 0.06138, -0.07691, 0.02184, 0.99491
-0.12, 1.24, 0.09, 0.06186, -0.07728, 0.02170, 0.99485
-0.12, 1.24, 0.09, 0.06246, -0.07747, 0.02154, 0.99480
-0.12, 1.24, 0.09, 0.06302, -0.07775, 0.02125, 0.99475
-0.12, 1.24, 0.09, 0.06358, -0.07832, 0.02120, 0.99467
-0.12, 1.24, 0.09, 0.06423, -0.07885, 0.02087, 0.99460
-0.12, 1.24, 0.09, 0.06459, -0.07962, 0.02042, 0.99452
-0.12, 1.24, 0.09, 0.06513, -0.08064, 0.02016, 0.99441
-0.12, 1.24, 0.09, 0.06538, -0.08200, 0.02010, 0.99428
-0.13, 1.24, 0.09, 0.06559, -0.08376, 0.01998, 0.99412
-0.13, 1.24, 0.08, 0.06537, -0.08633, 0.01955, 0.99393
-0.13, 1.24, 0.08, 0.06510, -0.09025, 0.01882, 0.99361
-0.13, 1.24, 0.08, 0.06488, -0.09439, 0.01783, 0.99326
-0.13, 1.24, 0.08, 0.06456, -0.09855, 0.01689, 0.99289
-0.13, 1.24, 0.08, 0.06435, -0.10315, 0.01612, 0.99245
-0.13, 1.24, 0.08, 0.06417, -0.10774, 0.01545, 0.99199
-0.13, 1.24, 0.08, 0.06380, -0.11257, 0.01493, 0.99148
-0.13, 1.24, 0.08, 0.06352, -0.11738, 0.01470, 0.99094
-0.13, 1.24, 0.08, 0.06308, -0.12252, 0.01442, 0.99035
-0.13, 1.24, 0.08, 0.06270, -0.12774, 0.01396, 0.98972
-0.13, 1.24, 0.08, 0.06203, -0.13293, 0.01359, 0.98909
-0.13, 1.24, 0.08, 0.06146, -0.13824, 0.01340, 0.98840
-0.13, 1.24, 0.08, 0.06071, -0.14332, 0.01327, 0.98772
-0.13, 1.24, 0.08, 0.06002, -0.14818, 0.01313, 0.98705
-0.13, 1.24, 0.08, 0.05969, -0.15276, 0.01305, 0.98637
-0.13, 1.24, 0.08, 0.05945, -0.15709, 0.01298, 0.98571
-0.13, 1.24, 0.08, 0.05924, -0.16119, 0.01288, 0.98506
-0.14, 1.24, 0.08, 0.05916, -0.16501, 0.01279, 0.98443
-0.14, 1.24, 0.08, 0.05907, -0.16841, 0.01300, 0.98386
-0.14, 1.24, 0.08, 0.05911, -0.17159, 0.01302, 0.98331
-0.14, 1.24, 0.08, 0.05942, -0.17437, 0.01334, 0.98280
-0.14, 1.24, 0.08, 0.05953, -0.17687, 0.01351, 0.98234
-0.14, 1.24, 0.08, 0.05989, -0.17937, 0.01373, 0.98186
-0.14, 1.24, 0.08, 0.06013, -0.18171, 0.01399, 0.98141
-0.14, 1.24, 0.08, 0.06080, -0.18435, 0.01456, 0.98087
-0.14, 1.24, 0.08, 0.06153, -0.18751, 0.01486, 0.98022
-0.14, 1.24, 0.08, 0.06247, -0.19099, 0.01459, 0.97949
-0.14, 1.24, 0.08, 0.06322, -0.19415, 0.01388, 0.97883
-0.14, 1.24, 0.08, 0.06359, -0.19677, 0.01285, 0.97830
-0.14, 1.24, 0.08, 0.06354, -0.19946, 0.01236, 0.97777
-0.14, 1.24, 0.08, 0.06345, -0.20209, 0.01193, 0.97724
-0.14, 1.24, 0.08, 0.06329, -0.20505, 0.01169, 0.97663
-0.14, 1.24, 0.08, 0.06329, -0.20815, 0.01144, 0.97598
-0.14, 1.24, 0.08, 0.06317, -0.21144, 0.01095, 0.97529
-0.14, 1.24, 0.08, 0.06295, -0.21477, 0.01067, 0.97458
-0.14, 1.24, 0.08, 0.06281, -0.21812, 0.01035, 0.97384
-0.14, 1.24, 0.08, 0.06258, -0.22125, 0.01000, 0.97316
-0.14, 1.24, 0.08, 0.06228, -0.22437, 0.00956, 0.97246
-0.14, 1.24, 0.08, 0.06194, -0.22777, 0.00918, 0.97170
-0.14, 1.24, 0.08, 0.06197, -0.23131, 0.00882, 0.97086
-0.15, 1.24, 0.08, 0.06213, -0.23466, 0.00865, 0.97005
-0.15, 1.24, 0.08, 0.06219, -0.23756, 0.00836, 0.96934
-0.15, 1.24, 0.08, 0.06193, -0.24031, 0.00849, 0.96868
-0.15, 1.24, 0.08, 0.06187, -0.24251, 0.00875, 0.96814
-0.15, 1.24, 0.08, 0.06177, -0.24451, 0.00916, 0.96763
-0.15, 1.24, 0.08, 0.06170, -0.24624, 0.00965, 0.96719
-0.15, 1.24, 0.08, 0.06211, -0.24755, 0.01035, 0.96683
-0.15, 1.24, 0.08, 0.06248, -0.24834, 0.01092, 0.96659
-0.15, 1.24, 0.08, 0.06264, -0.24842, 0.01154, 0.96656
-0.15, 1.24, 0.08, 0.06327, -0.24831, 0.01224, 0.96654
-0.15, 1.24, 0.08, 0.06389, -0.24783, 0.01270, 0.96661
-0.15, 1.24, 0.08, 0.06428, -0.24667, 0.01290, 0.96688
-0.15, 1.24, 0.09, 0.06484, -0.24524, 0.01335, 0.96720
-0.15, 1.24, 0.09, 0.06521, -0.24355, 0.01342, 0.96760
-0.15, 1.24, 0.09, 0.06572, -0.24173, 0.01355, 0.96802
-0.15, 1.24, 0.09, 0.06592, -0.23964, 0.01351, 0.96853
-0.15, 1.24, 0.09, 0.06634, -0.23744, 0.01335, 0.96904
-0.15, 1.24, 0.09, 0.06654, -0.23501, 0.01284, 0.96963
-0.15, 1.24, 0.09, 0.06689, -0.23256, 0.01232, 0.97020
-0.15, 1.24, 0.09, 0.06705, -0.22993, 0.01174, 0.97082
-0.15, 1.24, 0.09, 0.06703, -0.22712, 0.01113, 0.97149
-0.14, 1.24, 0.09, 0.06701, -0.22432, 0.01037, 0.97215
-0.14, 1.24, 0.09, 0.06707, -0.22171, 0.00981, 0.97275
-0.14, 1.24, 0.09, 0.06722, -0.21898, 0.00913, 0.97337
-0.14, 1.24, 0.09, 0.06737, -0.21608, 0.00846, 0.97401
-0.14, 1.24, 0.09, 0.06760, -0.21300, 0.00780, 0.97468
-0.14, 1.24, 0.09, 0.06747, -0.20953, 0.00681, 0.97545
-0.14, 1.24, 0.09, 0.06751, -0.20610, 0.00632, 0.97618
-0.14, 1.24, 0.09, 0.06783, -0.20228, 0.00598, 0.97696
-0.14, 1.24, 0.09, 0.06800, -0.19825, 0.00543, 0.97777
-0.14, 1.24, 0.09, 0.06800, -0.19384, 0.00495, 0.97866
-0.14, 1.24, 0.09, 0.06777, -0.18945, 0.00440, 0.97954
-0.14, 1.24, 0.09, 0.06774, -0.18498, 0.00417, 0.98040
-0.14, 1.24, 0.09, 0.06764, -0.18055, 0.00387, 0.98123
-0.14, 1.24, 0.09, 0.06748, -0.17628, 0.00367, 0.98202
-0.14, 1.24, 0.09, 0.06733, -0.17223, 0.00357, 0.98275
-0.14, 1.24, 0.09, 0.06678, -0.16820, 0.00315, 0.98348
-0.14, 1.24, 0.09, 0.06670, -0.16408, 0.00280, 0.98419
-0.13, 1.24, 0.09, 0.06656, -0.15987, 0.00225, 0.98489
-0.13, 1.24, 0.09, 0.06627, -0.15576, 0.00176, 0.98557
-0.13, 1.24, 0.09, 0.06548, -0.15161, 0.00088, 0.98627
-0.13, 1.24, 0.09, 0.06452, -0.14769, 0.00021, 0.98693
-0.13, 1.24, 0.09, 0.06363, -0.14390, -0.00017, 0.98754
-0.13, 1.24, 0.09, 0.06256, -0.14018, -0.00072, 0.98815
-0.13, 1.24, 0.09, 0.06171, -0.13677, -0.00149, 0.98868
-0.13, 1.24, 0.09, 0.06099, -0.13302, -0.00221, 0.98923
-0.13, 1.24, 0.09, 0.06007, -0.12951, -0.00283, 0.98975
-0.13, 1.24, 0.09, 0.05916, -0.12621, -0.00331, 0.99023
-0.13, 1.24, 0.09, 0.05861, -0.12282, -0.00391, 0.99069
-0.13, 1.24, 0.09, 0.05793, -0.11957, -0.00441, 0.99112
-0.13, 1.24, 0.09, 0.05767, -0.11643, -0.00471, 0.99151
-0.13, 1.24, 0.09, 0.05742, -0.11343, -0.00492, 0.99187
-0.13, 1.24, 0.09, 0.05712, -0.11093, -0.00504, 0.99217
-0.12, 1.24, 0.09, 0.05694, -0.10848, -0.00513, 0.99245
-0.12, 1.24, 0.09, 0.05676, -0.10614, -0.00527, 0.99272
-0.12, 1.24, 0.09, 0.05667, -0.10410, -0.00535, 0.99294
-0.12, 1.24, 0.09, 0.05671, -0.10241, -0.00552, 0.99311
-0.12, 1.24, 0.09, 0.05673, -0.10100, -0.00570, 0.99325
-0.12, 1.24, 0.09, 0.05680, -0.09974, -0.00570, 0.99337
-0.12, 1.24, 0.09, 0.05683, -0.09875, -0.00584, 0.99347
-0.12, 1.24, 0.09, 0.05694, -0.09820, -0.00600, 0.99352
-0.12, 1.24, 0.09, 0.05711, -0.09756, -0.00602, 0.99357
-0.12, 1.24, 0.09, 0.05735, -0.09741, -0.00589, 0.99357
-0.12, 1.24, 0.09, 0.05730, -0.09736, -0.00569, 0.99358
-0.12, 1.24, 0.09, 0.05697, -0.09738, -0.00525, 0.99360
-0.12, 1.24, 0.09, 0.05669, -0.09756, -0.00490, 0.99360
-0.12, 1.24, 0.09, 0.05629, -0.09778, -0.00461, 0.99360
-0.12, 1.24, 0.09, 0.05593, -0.09818, -0.00446, 0.99359
-0.12, 1.24, 0.09, 0.05578, -0.09868, -0.00420, 0.99355
-0.12, 1.24, 0.09, 0.05552, -0.09925, -0.00388, 0.99350
-0.12, 1.24, 0.09, 0.05530, -0.09972, -0.00336, 0.99347
-0.12, 1.24, 0.09, 0.05491, -0.10029, -0.00293, 0.99344
-0.12, 1.24, 0.09, 0.05479, -0.10087, -0.00259, 0.99339
-0.12, 1.24, 0.09, 0.05488, -0.10145, -0.00233, 0.99332
-0.12, 1.24, 0.09, 0.05478, -0.10191, -0.00210, 0.99328
-0.12, 1.24, 0.09, 0.05458, -0.10231, -0.00181, 0.99325
-0.12, 1.24, 0.09, 0.05457, -0.10252, -0.00157, 0.99323
-0.12, 1.24, 0.09, 0.05441, -0.10277, -0.00149, 0.99322
-0.12, 1.24, 0.09, 0.05415, -0.10291, -0.00140, 0.99321
-0.12, 1.24, 0.09, 0.05436, -0.10277, -0.00114, 0.99322
-0.12, 1.24, 0.09, 0.05451, -0.10254, -0.00074, 0.99323
-0.12, 1.24, 0.09, 0.05451, -0.10214, -0.00059, 0.99328
-0.12, 1.24, 0.09, 0.05471, -0.10160, -0.00036, 0.99332
-0.12, 1.24, 0.09, 0.05488, -0.10085, -0.00049, 0.99339
-0.12, 1.24, 0.09, 0.05496, -0.09999, -0.00043, 0.99347
-0.12, 1.24, 0.09, 0.05509, -0.09918, -0.00013, 0.99354
-0.12, 1.24, 0.09, 0.05521, -0.09823, 0.00029, 0.99363
-0.12, 1.24, 0.09, 0.05538, -0.09719, 0.00072, 0.99372
-0.12, 1.24, 0.09, 0.05541, -0.09620, 0.00098, 0.99382
-0.12, 1.24, 0.09, 0.05550, -0.09514, 0.00120, 0.99392
-0.12, 1.24, 0.09, 0.05528, -0.09399, 0.00140, 0.99404
-0.12, 1.24, 0.09, 0.05529, -0.09306, 0.00174, 0.99412
-0.12, 1.24, 0.09, 0.05507, -0.09217, 0.00206, 0.99422
-0.12, 1.24, 0.09, 0.05520, -0.09123, 0.00242, 0.99430
-0.12, 1.24, 0.09, 0.05521, -0.09048, 0.00272, 0.99436
-0.12, 1.24, 0.09, 0.05503, -0.08979, 0.00323, 0.99443
-0.12, 1.24, 0.09, 0.05506, -0.08919, 0.00344, 0.99449
-0.12, 1.24, 0.09, 0.05507, -0.08862, 0.00372, 0.99454
-0.12, 1.24, 0.09, 0.05514, -0.08834, 0.00399, 0.99455
-0.12, 1.24, 0.09, 0.05522, -0.08815, 0.00443, 0.99457
-0.12, 1.24, 0.09, 0.05512, -0.08799, 0.00469, 0.99458
-0.12, 1.24, 0.09, 0.05496, -0.08777, 0.00481, 0.99461
-0.12, 1.24, 0.09, 0.05485, -0.08786, 0.00471, 0.99461
-0.12, 1.24, 0.09, 0.05487, -0.08810, 0.00490, 0.99459
-0.12, 1.24, 0.09, 0.05468, -0.08823, 0.00506, 0.99459
-0.12, 1.24, 0.09, 0.05484, -0.08856, 0.00538, 0.99455
-0.12, 1.24, 0.09, 0.05468, -0.08893, 0.00554, 0.99452
-0.12, 1.24, 0.09, 0.05488, -0.08934, 0.00574, 0.99447
-0.12, 1.24, 0.09, 0.05483, -0.08974, 0.00591, 0.99444
-0.12, 1.24, 0.09, 0.05500, -0.09017, 0.00592, 0.99439
-0.12, 1.24, 0.09, 0.05505, -0.09066, 0.00608, 0.99434
-0.12, 1.24, 0.09, 0.05511, -0.09099, 0.00616, 0.99431
-0.12, 1.24, 0.09, 0.05511, -0.09137, 0.00646, 0.99427
-0.12, 1.24, 0.09, 0.05511, -0.09178, 0.00674, 0.99423
-0.12, 1.24, 0.09, 0.05523, -0.09240, 0.00711, 0.99416
-0.12, 1.24, 0.09, 0.05538, -0.09304, 0.00745, 0.99409
-0.12, 1.24, 0.09, 0.05562, -0.09361, 0.00773, 0.99402
-0.12, 1.24, 0.09, 0.05586, -0.09425, 0.00793, 0.99395
-0.12, 1.24, 0.09, 0.05589, -0.09484, 0.00821, 0.99389
-0.12, 1.24, 0.09, 0.05613, -0.09559, 0.00867, 0.99380
-0.12, 1.24, 0.09, 0.05607, -0.09638, 0.00899, 0.99372
-0.12, 1.24, 0.09, 0.05622, -0.09709, 0.00928, 0.99364
-0.12, 1.24, 0.09, 0.05632, -0.09771, 0.00956, 0.99357
-0.12, 1.24, 0.09, 0.05622, -0.09837, 0.00970, 0.99351
-0.12, 1.24, 0.09, 0.05605, -0.09902, 0.01000, 0.99346
-0.13, 1.24, 0.09, 0.05581, -0.09950, 0.01035, 0.99342
-0.13, 1.24, 0.09, 0.05561, -0.10001, 0.01070, 0.99337
-0.13, 1.24, 0.09, 0.05542, -0.10069, 0.01106, 0.99331
-0.13, 1.24, 0.09, 0.05545, -0.10140, 0.01144, 0.99323
-0.13, 1.24, 0.09, 0.05540, -0.10244, 0.01188, 0.99312
-0.13, 1.24, 0.09, 0.05532, -0.10335, 0.01224, 0.99303
-0.13, 1.24, 0.09, 0.05528, -0.10457, 0.01267, 0.99290
-0.13, 1.24, 0.09, 0.05502, -0.10572, 0.01310, 0.99279
-0.13, 1.24, 0.09, 0.05470, -0.10710, 0.01341, 0.99265
-0.13, 1.24, 0.09, 0.05467, -0.10885, 0.01387, 0.99246
-0.13, 1.24, 0.09, 0.05473, -0.11086, 0.01448, 0.99222
-0.13, 1.24, 0.09, 0.05499, -0.11311, 0.01490, 0.99195
-0.13, 1.24, 0.09, 0.05515, -0.11571, 0.01544, 0.99163
-0.13, 1.24, 0.09, 0.05500, -0.11799, 0.01608, 0.99136
-0.13, 1.24, 0.09, 0.05469, -0.12078, 0.01683, 0.99103
-0.13, 1.24, 0.09, 0.05452, -0.12360, 0.01726, 0.99068
-0.13, 1.24, 0.09, 0.05459, -0.12650, 0.01765, 0.99031
-0.13, 1.24, 0.09, 0.05473, -0.12966, 0.01835, 0.98988
-0.13, 1.24, 0.09, 0.05488, -0.13284, 0.01923, 0.98943
-0.13, 1.24, 0.09, 0.05512, -0.13632, 0.02006, 0.98893
-0.13, 1.24, 0.09, 0.05558, -0.13958, 0.02071, 0.98843
-0.13, 1.24, 0.09, 0.05587, -0.14304, 0.02144, 0.98791
-0.13, 1.24, 0.09, 0.05608, -0.14640, 0.02231, 0.98738
-0.13, 1.24, 0.09, 0.05671, -0.15003, 0.02337, 0.98678
-0.13, 1.24, 0.09, 0.05717, -0.15404, 0.02442, 0.98611
-0.13, 1.24, 0.09, 0.05803, -0.15800, 0.02524, 0.98541
-0.13, 1.24, 0.09, 0.05884, -0.16200, 0.02604, 0.98469
-0.13, 1.24, 0.09, 0.05933, -0.16598, 0.02680, 0.98398
-0.13, 1.24, 0.09, 0.05960, -0.17043, 0.02786, 0.98317
-0.13, 1.24, 0.09, 0.06016, -0.17525, 0.02895, 0.98226
-0.13, 1.24, 0.09, 0.06084, -0.18013, 0.02996, 0.98130
-0.13, 1.24, 0.09, 0.06154, -0.18508, 0.03072, 0.98031
-0.13, 1.24, 0.09, 0.06184, -0.18979, 0.03156, 0.97937
-0.13, 1.24, 0.09, 0.06177, -0.19452, 0.03205, 0.97843
-0.13, 1.24, 0.09, 0.06207, -0.19921, 0.03269, 0.97744
-0.14, 1.24, 0.09, 0.06268, -0.20409, 0.03317, 0.97638
-0.14, 1.24, 0.09, 0.06339, -0.20867, 0.03379, 0.97534
-0.14, 1.24, 0.09, 0.06420, -0.21326, 0.03447, 0.97427
-0.14, 1.24, 0.09, 0.06527, -0.21793, 0.03523, 0.97314
-0.14, 1.24, 0.09, 0.06628, -0.22270, 0.03615, 0.97196
-0.14, 1.24, 0.08, 0.06769, -0.22739, 0.03704, 0.97074
-0.14, 1.24, 0.08, 0.06942, -0.23230, 0.03806, 0.96942
-0.14, 1.24, 0.08, 0.07188, -0.23758, 0.03890, 0.96792
-0.14, 1.24, 0.08, 0.07459, -0.24293, 0.03975, 0.96635
-0.14, 1.24, 0.08, 0.07743, -0.24848, 0.04051, 0.96469
-0.14, 1.24, 0.08, 0.08036, -0.25451, 0.04142, 0.96284
-0.14, 1.24, 0.08, 0.08313, -0.26078, 0.04248, 0.96087
-0.14, 1.24, 0.08, 0.08589, -0.26747, 0.04375, 0.95873
-0.14, 1.24, 0.08, 0.08857, -0.27416, 0.04511, 0.95654
-0.14, 1.24, 0.08, 0.09080, -0.28098, 0.04647, 0.95428
-0.14, 1.24, 0.08, 0.09263, -0.28807, 0.04789, 0.95191
-0.14, 1.23, 0.08, 0.09438, -0.29499, 0.04947, 0.94954
-0.14, 1.23, 0.08, 0.09610, -0.30251, 0.05120, 0.94691
-0.15, 1.23, 0.08, 0.09802, -0.31005, 0.05310, 0.94416
-0.15, 1.23, 0.08, 0.10009, -0.31827, 0.05551, 0.94107
-0.15, 1.23, 0.07, 0.10219, -0.32635, 0.05788, 0.93792
-0.15, 1.23, 0.07, 0.10442, -0.33445, 0.06027, 0.93467
-0.15, 1.23, 0.07, 0.10610, -0.34266, 0.06276, 0.93134
-0.15, 1.23, 0.07, 0.10732, -0.35092, 0.06523, 0.92794
-0.15, 1.23, 0.07, 0.10852, -0.35883, 0.06722, 0.92463
-0.15, 1.23, 0.07, 0.11021, -0.36654, 0.06875, 0.92129
-0.15, 1.23, 0.07, 0.11277, -0.37446, 0.06986, 0.91771
-0.15, 1.23, 0.07, 0.11571, -0.38246, 0.07061, 0.91397
-0.16, 1.23, 0.07, 0.11855, -0.39027, 0.07125, 0.91025
-0.16, 1.23, 0.07, 0.12120, -0.39752, 0.07178, 0.90672
-0.16, 1.23, 0.07, 0.12429, -0.40422, 0.07269, 0.90326
-0.16, 1.23, 0.06, 0.12808, -0.41022, 0.07386, 0.89992
-0.16, 1.22, 0.06, 0.13230, -0.41602, 0.07480, 0.89656
-0.16, 1.22, 0.06, 0.13655, -0.42115, 0.07620, 0.89341
-0.16, 1.22, 0.06, 0.14041, -0.42575, 0.07797, 0.89047
-0.16, 1.22, 0.06, 0.14365, -0.42978, 0.07979, 0.88786
-0.16, 1.22, 0.06, 0.14666, -0.43354, 0.08200, 0.88533
-0.16, 1.22, 0.06, 0.14951, -0.43666, 0.08385, 0.88314
-0.16, 1.22, 0.06, 0.15247, -0.43909, 0.08485, 0.88133
-0.16, 1.22, 0.06, 0.15556, -0.44106, 0.08577, 0.87972
-0.16, 1.22, 0.06, 0.15845, -0.44254, 0.08625, 0.87842
-0.16, 1.22, 0.06, 0.16091, -0.44290, 0.08641, 0.87777
-0.16, 1.22, 0.06, 0.16294, -0.44277, 0.08634, 0.87747
-0.16, 1.22, 0.06, 0.16439, -0.44183, 0.08629, 0.87768
-0.16, 1.22, 0.06, 0.16531, -0.44091, 0.08679, 0.87792
-0.16, 1.22, 0.06, 0.16613, -0.44035, 0.08788, 0.87793
-0.16, 1.22, 0.06, 0.16688, -0.43960, 0.08901, 0.87805
-0.16, 1.22, 0.06, 0.16750, -0.43833, 0.09000, 0.87847
-0.16, 1.22, 0.06, 0.16847, -0.43712, 0.09054, 0.87884
-0.16, 1.22, 0.07, 0.16962, -0.43565, 0.09090, 0.87931
-0.16, 1.22, 0.07, 0.17082, -0.43389, 0.09124, 0.87991
-0.16, 1.21, 0.07, 0.17235, -0.43171, 0.09129, 0.88067
-0.16, 1.21, 0.07, 0.17403, -0.42971, 0.09183, 0.88127
-0.16, 1.21, 0.07, 0.17598, -0.42760, 0.09210, 0.88188
-0.16, 1.21, 0.07, 0.17855, -0.42548, 0.09267, 0.88233
-0.16, 1.21, 0.07, 0.18145, -0.42369, 0.09357, 0.88250
-0.16, 1.21, 0.07, 0.18508, -0.42180, 0.09528, 0.88247
-0.16, 1.21, 0.07, 0.18946, -0.42044, 0.09738, 0.88196
-0.16, 1.21, 0.07, 0.19400, -0.41956, 0.10006, 0.88109
-0.16, 1.21, 0.07, 0.19909, -0.41949, 0.10379, 0.87955
-0.16, 1.21, 0.06, 0.20468, -0.41963, 0.10849, 0.87764
-0.16, 1.20, 0.06, 0.21089, -0.42059, 0.11419, 0.87498
-0.16, 1.20, 0.06, 0.21787, -0.42207, 0.12010, 0.87176
-0.16, 1.20, 0.06, 0.22567, -0.42467, 0.12552, 0.86774
-0.16, 1.20, 0.06, 0.23180, -0.42706, 0.12933, 0.86438
-0.16, 1.20, 0.06, 0.23676, -0.42967, 0.13251, 0.86126
-0.17, 1.20, 0.06, 0.24039, -0.43224, 0.13552, 0.85850
-0.17, 1.20, 0.06, 0.24315, -0.43464, 0.13775, 0.85615
-0.17, 1.20, 0.06, 0.24562, -0.43689, 0.13936, 0.85404
-0.17, 1.19, 0.06, 0.24738, -0.43898, 0.14058, 0.85225
-0.17, 1.19, 0.06, 0.24853, -0.44078, 0.14185, 0.85078
-0.17, 1.19, 0.06, 0.24876, -0.44255, 0.14302, 0.84960
-0.17, 1.19, 0.06, 0.24854, -0.44435, 0.14429, 0.84850
-0.17, 1.19, 0.06, 0.24808, -0.44623, 0.14587, 0.84738
-0.17, 1.19, 0.05, 0.24779, -0.44831, 0.14746, 0.84610
-0.17, 1.19, 0.05, 0.24788, -0.45068, 0.14894, 0.84455
-0.17, 1.19, 0.05, 0.24843, -0.45361, 0.15047, 0.84254
-0.17, 1.19, 0.05, 0.24931, -0.45675, 0.15174, 0.84036
-0.17, 1.19, 0.05, 0.25044, -0.46053, 0.15280, 0.83776
-0.17, 1.19, 0.05, 0.25193, -0.46494, 0.15446, 0.83457
-0.17, 1.19, 0.05, 0.25375, -0.46966, 0.15633, 0.83102
-0.17, 1.19, 0.05, 0.25550, -0.47476, 0.15809, 0.82724
-0.17, 1.19, 0.05, 0.25753, -0.47996, 0.15989, 0.82326
-0.17, 1.19, 0.04, 0.25981, -0.48484, 0.16171, 0.81931
-0.18, 1.19, 0.04, 0.26174, -0.48909, 0.16315, 0.81589
-0.18, 1.18, 0.04, 0.26313, -0.49284, 0.16403, 0.81300
-0.18, 1.18, 0.04, 0.26435, -0.49599, 0.16497, 0.81049
-0.18, 1.18, 0.04, 0.26515, -0.49875, 0.16581, 0.80836
-0.18, 1.18, 0.04, 0.26575, -0.50055, 0.16619, 0.80698
-0.18, 1.18, 0.04, 0.26653, -0.50162, 0.16682, 0.80592
-0.18, 1.18, 0.04, 0.26742, -0.50202, 0.16707, 0.80532
-0.18, 1.18, 0.04, 0.26789, -0.50172, 0.16749, 0.80527
-0.18, 1.18, 0.04, 0.26832, -0.50124, 0.16826, 0.80526
-0.18, 1.18, 0.04, 0.26865, -0.50051, 0.16913, 0.80543
-0.18, 1.18, 0.04, 0.26945, -0.49955, 0.16879, 0.80583
-0.18, 1.18, 0.04, 0.27063, -0.49877, 0.16792, 0.80610
-0.18, 1.18, 0.04, 0.27167, -0.49849, 0.16720, 0.80607
-0.18, 1.18, 0.04, 0.27226, -0.49852, 0.16694, 0.80590
-0.18, 1.18, 0.04, 0.27236, -0.49874, 0.16690, 0.80574
-0.18, 1.18, 0.04, 0.27283, -0.49905, 0.16649, 0.80547
-0.18, 1.18, 0.04, 0.27324, -0.49970, 0.16576, 0.80509
-0.18, 1.18, 0.04, 0.27340, -0.50069, 0.16472, 0.80463
-0.18, 1.18, 0.04, 0.27360, -0.50182, 0.16433, 0.80393
-0.18, 1.18, 0.04, 0.27359, -0.50316, 0.16437, 0.80309
-0.18, 1.18, 0.04, 0.27388, -0.50428, 0.16391, 0.80239
-0.18, 1.18, 0.04, 0.27431, -0.50552, 0.16339, 0.80157
-0.18, 1.18, 0.04, 0.27456, -0.50692, 0.16321, 0.80063
-0.18, 1.18, 0.04, 0.27455, -0.50871, 0.16371, 0.79940
-0.18, 1.18, 0.04, 0.27472, -0.51010, 0.16429, 0.79833
-0.18, 1.18, 0.04, 0.27535, -0.51125, 0.16466, 0.79730
-0.18, 1.18, 0.04, 0.27588, -0.51251, 0.16495, 0.79625
-0.18, 1.18, 0.04, 0.27570, -0.51391, 0.16518, 0.79536
-0.18, 1.18, 0.04, 0.27545, -0.51564, 0.16528, 0.79431
-0.18, 1.18, 0.04, 0.27571, -0.51752, 0.16491, 0.79307
-0.18, 1.18, 0.04, 0.27694, -0.52006, 0.16357, 0.79126
-0.18, 1.18, 0.04, 0.27866, -0.52255, 0.16198, 0.78934
-0.18, 1.18, 0.03, 0.28028, -0.52514, 0.16065, 0.78731
-0.18, 1.18, 0.03, 0.28152, -0.52789, 0.16010, 0.78514
-0.18, 1.18, 0.03, 0.28254, -0.53041, 0.16037, 0.78302
-0.18, 1.18, 0.03, 0.28306, -0.53269, 0.16103, 0.78115
-0.18, 1.18, 0.03, 0.28269, -0.53501, 0.16184, 0.77953
-0.18, 1.18, 0.03, 0.28247, -0.53721, 0.16256, 0.77794
-0.18, 1.18, 0.03, 0.28309, -0.53909, 0.16337, 0.77624
-0.18, 1.18, 0.03, 0.28461, -0.54012, 0.16329, 0.77499
-0.18, 1.18, 0.03, 0.28579, -0.54090, 0.16297, 0.77407
-0.18, 1.18, 0.03, 0.28550, -0.54189, 0.16322, 0.77343
-0.18, 1.18, 0.03, 0.28520, -0.54273, 0.16378, 0.77284
-0.18, 1.18, 0.03, 0.28510, -0.54319, 0.16403, 0.77250
-0.18, 1.18, 0.03, 0.28499, -0.54349, 0.16401, 0.77233
-0.18, 1.17, 0.03, 0.28453, -0.54388, 0.16376, 0.77229
-0.18, 1.17, 0.03, 0.28387, -0.54434, 0.16371, 0.77221
-0.18, 1.17, 0.03, 0.28310, -0.54474, 0.16304, 0.77236
-0.18, 1.17, 0.03, 0.28255, -0.54540, 0.16279, 0.77214
-0.18, 1.17, 0.03, 0.28240, -0.54575, 0.16207, 0.77210
-0.18, 1.17, 0.03, 0.28288, -0.54637, 0.16101, 0.77171
-0.18, 1.17, 0.03, 0.28345, -0.54712, 0.15996, 0.77119
-0.18, 1.17, 0.03, 0.28407, -0.54764, 0.15976, 0.77063
-0.18, 1.17, 0.03, 0.28434, -0.54827, 0.16027, 0.76998
-0.18, 1.17, 0.03, 0.28480, -0.54896, 0.16150, 0.76906
-0.18, 1.17, 0.03, 0.28530, -0.54947, 0.16253, 0.76829
-0.18, 1.17, 0.03, 0.28631, -0.54983, 0.16293, 0.76757
-0.18, 1.17, 0.03, 0.28711, -0.54980, 0.16292, 0.76730
-0.18, 1.17, 0.03, 0.28703, -0.54952, 0.16354, 0.76740
-0.18, 1.17, 0.03, 0.28552, -0.54918, 0.16417, 0.76807
-0.18, 1.17, 0.03, 0.28413, -0.54898, 0.16453, 0.76865
-0.18, 1.17, 0.03, 0.28358, -0.54883, 0.16420, 0.76903
-0.18, 1.17, 0.03, 0.28447, -0.54872, 0.16311, 0.76901
-0.18, 1.17, 0.03, 0.28537, -0.54833, 0.16227, 0.76913
-0.18, 1.17, 0.03, 0.28576, -0.54764, 0.16203, 0.76953
-0.18, 1.17, 0.03, 0.28486, -0.54751, 0.16171, 0.77003
-0.18, 1.17, 0.03, 0.28349, -0.54787, 0.16182, 0.77025
-0.18, 1.17, 0.03, 0.28330, -0.54774, 0.16209, 0.77036
-0.18, 1.17, 0.03, 0.28363, -0.54743, 0.16216, 0.77044
-0.18, 1.17, 0.03, 0.28402, -0.54711, 0.16182, 0.77059
-0.18, 1.17, 0.03, 0.28427, -0.54703, 0.16152, 0.77062
-0.18, 1.17, 0.03, 0.28432, -0.54726, 0.16180, 0.77039
-0.18, 1.17, 0.03, 0.28433, -0.54757, 0.16285, 0.76993
-0.18, 1.17, 0.03, 0.28430, -0.54743, 0.16408, 0.76979
-0.18, 1.17, 0.03, 0.28444, -0.54686, 0.16505, 0.76993
-0.18, 1.17, 0.03, 0.28443, -0.54622, 0.16511, 0.77037
-0.18, 1.17, 0.03, 0.28449, -0.54558, 0.16507, 0.77082
-0.18, 1.17, 0.03, 0.28406, -0.54516, 0.16506, 0.77127
-0.18, 1.17, 0.04, 0.28346, -0.54482, 0.16566, 0.77161
-0.18, 1.17, 0.04, 0.28284, -0.54432, 0.16636, 0.77204
-0.18, 1.18, 0.04, 0.28195, -0.54317, 0.16686, 0.77306
-0.18, 1.18, 0.04, 0.28040, -0.54145, 0.16783, 0.77462
-0.18, 1.18, 0.04, 0.27787, -0.53823, 0.16969, 0.77737
-0.18, 1.18, 0.04, 0.27503, -0.53392, 0.17111, 0.78103
-0.18, 1.18, 0.04, 0.27167, -0.52766, 0.17193, 0.78627
-0.18, 1.18, 0.04, 0.26728, -0.51899, 0.17047, 0.79382
-0.18, 1.18, 0.04, 0.26210, -0.51135, 0.16666, 0.80128
-0.18, 1.18, 0.04, 0.25767, -0.50412, 0.16429, 0.80776
-0.18, 1.18, 0.04, 0.25405, -0.49899, 0.16488, 0.81196
-0.18, 1.18, 0.05, 0.25113, -0.49458, 0.16493, 0.81555
-0.18, 1.18, 0.05, 0.24953, -0.48953, 0.16613, 0.81884
-0.17, 1.18, 0.05, 0.24722, -0.48373, 0.16783, 0.82263
-0.17, 1.18, 0.05, 0.24361, -0.47717, 0.17014, 0.82705
-0.17, 1.19, 0.05, 0.23877, -0.47035, 0.17193, 0.83198
-0.17, 1.19, 0.05, 0.23265, -0.46299, 0.17285, 0.83764
-0.17, 1.19, 0.05, 0.22674, -0.45536, 0.17342, 0.84330
-0.17, 1.19, 0.06, 0.22072, -0.44724, 0.17322, 0.84926
-0.17, 1.19, 0.06, 0.21377, -0.43848, 0.17284, 0.85567
-0.17, 1.19, 0.06, 0.20653, -0.42985, 0.17401, 0.86156
-0.17, 1.19, 0.06, 0.19930, -0.42189, 0.17569, 0.86685
-0.17, 1.19, 0.06, 0.19270, -0.41425, 0.17684, 0.87178
-0.17, 1.20, 0.06, 0.18677, -0.40648, 0.17756, 0.87656
-0.17, 1.20, 0.06, 0.18119, -0.39835, 0.17790, 0.88138
-0.17, 1.20, 0.07, 0.17526, -0.39001, 0.17854, 0.88617
-0.17, 1.20, 0.07, 0.16928, -0.38163, 0.17923, 0.89083
-0.17, 1.20, 0.07, 0.16349, -0.37360, 0.17980, 0.89519
-0.17, 1.20, 0.07, 0.15716, -0.36663, 0.18000, 0.89916
-0.16, 1.20, 0.07, 0.15046, -0.36043, 0.17973, 0.90286
-0.16, 1.21, 0.07, 0.14378, -0.35460, 0.17909, 0.90637
-0.16, 1.21, 0.07, 0.13782, -0.34862, 0.17810, 0.90981
-0.16, 1.21, 0.07, 0.13263, -0.34258, 0.17644, 0.91319
-0.16, 1.21, 0.08, 0.12725, -0.33687, 0.17476, 0.91640
-0.16, 1.21, 0.08, 0.12272, -0.33129, 0.17294, 0.91939
-0.16, 1.21, 0.08, 0.11940, -0.32613, 0.17060, 0.92210
-0.16, 1.21, 0.08, 0.11665, -0.32189, 0.16802, 0.92442
-0.16, 1.21, 0.08, 0.11400, -0.31827, 0.16507, 0.92653
-0.16, 1.21, 0.08, 0.11162, -0.31517, 0.16183, 0.92845
-0.16, 1.21, 0.08, 0.10901, -0.31209, 0.15887, 0.93031
-0.16, 1.22, 0.08, 0.10691, -0.30942, 0.15655, 0.93184
-0.16, 1.22, 0.08, 0.10472, -0.30720, 0.15425, 0.93320
-0.16, 1.22, 0.09, 0.10214, -0.30545, 0.15217, 0.93440
-0.16, 1.22, 0.09, 0.09929, -0.30378, 0.14962, 0.93567
-0.16, 1.22, 0.09, 0.09677, -0.30227, 0.14697, 0.93684
-0.15, 1.22, 0.09, 0.09433, -0.30070, 0.14468, 0.93795
-0.15, 1.22, 0.09, 0.09235, -0.29904, 0.14257, 0.93900
-0.15, 1.22, 0.09, 0.09071, -0.29747, 0.14020, 0.94001
-0.15, 1.22, 0.09, 0.08868, -0.29589, 0.13769, 0.94108
-0.15, 1.22, 0.09, 0.08666, -0.29388, 0.13512, 0.94227
-0.15, 1.22, 0.09, 0.08496, -0.29172, 0.13240, 0.94348
-0.15, 1.22, 0.09, 0.08340, -0.28883, 0.12946, 0.94491
-0.15, 1.22, 0.09, 0.08247, -0.28562, 0.12667, 0.94635
-0.15, 1.23, 0.09, 0.08159, -0.28225, 0.12392, 0.94780
-0.15, 1.23, 0.10, 0.08075, -0.27866, 0.12103, 0.94931
-0.15, 1.23, 0.10, 0.08046, -0.27489, 0.11827, 0.95078
-0.15, 1.23, 0.10, 0.07999, -0.27079, 0.11552, 0.95233
-0.15, 1.23, 0.10, 0.07972, -0.26647, 0.11297, 0.95387
-0.15, 1.23, 0.10, 0.07957, -0.26161, 0.11049, 0.95552
-0.15, 1.23, 0.10, 0.07996, -0.25642, 0.10798, 0.95718
-0.14, 1.23, 0.10, 0.08044, -0.25079, 0.10519, 0.95894
-0.14, 1.23, 0.10, 0.08067, -0.24494, 0.10260, 0.96071
-0.14, 1.23, 0.10, 0.08069, -0.23896, 0.10004, 0.96249
-0.14, 1.23, 0.10, 0.08113, -0.23272, 0.09780, 0.96421
-0.14, 1.23, 0.10, 0.08183, -0.22651, 0.09568, 0.96584
-0.14, 1.23, 0.10, 0.08288, -0.21992, 0.09314, 0.96752
-0.14, 1.23, 0.11, 0.08342, -0.21305, 0.09005, 0.96930
-0.14, 1.23, 0.11, 0.08388, -0.20559, 0.08701, 0.97115
-0.14, 1.23, 0.11, 0.08441, -0.19788, 0.08469, 0.97291
-0.13, 1.23, 0.11, 0.08483, -0.19054, 0.08261, 0.97451
-0.13, 1.23, 0.11, 0.08536, -0.18328, 0.08074, 0.97601
-0.13, 1.23, 0.11, 0.08585, -0.17623, 0.07860, 0.97744
-0.13, 1.23, 0.11, 0.08621, -0.16962, 0.07611, 0.97878
-0.13, 1.23, 0.11, 0.08654, -0.16279, 0.07375, 0.98009
-0.13, 1.23, 0.11, 0.08682, -0.15644, 0.07154, 0.98126
-0.13, 1.23, 0.11, 0.08727, -0.15015, 0.06928, 0.98236
-0.13, 1.23, 0.11, 0.08826, -0.14404, 0.06717, 0.98334
-0.12, 1.23, 0.11, 0.08947, -0.13778, 0.06484, 0.98428
-0.12, 1.23, 0.11, 0.08986, -0.13136, 0.06203, 0.98530
-0.12, 1.23, 0.12, 0.09004, -0.12502, 0.05932, 0.98628
-0.12, 1.23, 0.12, 0.08999, -0.11890, 0.05686, 0.98718
-0.12, 1.23, 0.12, 0.09012, -0.11294, 0.05457, 0.98800
-0.12, 1.23, 0.12, 0.09050, -0.10739, 0.05235, 0.98870
-0.12, 1.23, 0.12, 0.09095, -0.10164, 0.04986, 0.98940
-0.12, 1.23, 0.12, 0.09152, -0.09565, 0.04711, 0.99008
-0.11, 1.23, 0.12, 0.09155, -0.08954, 0.04475, 0.99076
-0.11, 1.23, 0.12, 0.09152, -0.08356, 0.04255, 0.99138
-0.11, 1.23, 0.12, 0.09152, -0.07772, 0.04079, 0.99193
-0.11, 1.23, 0.12, 0.09115, -0.07206, 0.03854, 0.99248
-0.11, 1.23, 0.12, 0.09082, -0.06677, 0.03634, 0.99296
-0.11, 1.23, 0.12, 0.09053, -0.06135, 0.03401, 0.99342
-0.11, 1.23, 0.12, 0.09006, -0.05613, 0.03149, 0.99386
-0.11, 1.23, 0.12, 0.09001, -0.05096, 0.02941, 0.99420
-0.11, 1.23, 0.12, 0.08982, -0.04592, 0.02788, 0.99451
-0.11, 1.23, 0.12, 0.08948, -0.04119, 0.02655, 0.99478
-0.11, 1.23, 0.12, 0.08899, -0.03656, 0.02497, 0.99505
-0.10, 1.23, 0.12, 0.08829, -0.03232, 0.02293, 0.99531
-0.10, 1.23, 0.12, 0.08788, -0.02759, 0.02064, 0.99554
-0.10, 1.23, 0.13, 0.08761, -0.02309, 0.01840, 0.99572
-0.10, 1.23, 0.13, 0.08714, -0.01843, 0.01646, 0.99589
-0.10, 1.23, 0.13, 0.08696, -0.01416, 0.01480, 0.99600
-0.10, 1.23, 0.13, 0.08685, -0.00982, 0.01314, 0.99609
-0.10, 1.23, 0.13, 0.08662, -0.00524, 0.01132, 0.99616
-0.10, 1.23, 0.13, 0.08631, -0.00036, 0.00942, 0.99622
-0.10, 1.23, 0.13, 0.08625, 0.00487, 0.00790, 0.99623
-0.10, 1.23, 0.13, 0.08598, 0.01027, 0.00641, 0.99622
-0.10, 1.23, 0.13, 0.08599, 0.01613, 0.00517, 0.99615
-0.10, 1.23, 0.13, 0.08605, 0.02190, 0.00411, 0.99604
-0.09, 1.23, 0.13, 0.08603, 0.02781, 0.00297, 0.99590
-0.09, 1.23, 0.13, 0.08605, 0.03401, 0.00142, 0.99571
-0.09, 1.23, 0.13, 0.08628, 0.04075, -0.00034, 0.99544
-0.09, 1.23, 0.13, 0.08621, 0.04778, -0.00212, 0.99513
-0.09, 1.23, 0.13, 0.08598, 0.05504, -0.00358, 0.99477
-0.09, 1.23, 0.13, 0.08615, 0.06226, -0.00522, 0.99432
-0.09, 1.23, 0.13, 0.08638, 0.06943, -0.00706, 0.99381
-0.09, 1.23, 0.13, 0.08696, 0.07672, -0.00912, 0.99321
-0.09, 1.23, 0.13, 0.08735, 0.08414, -0.01141, 0.99255
-0.08, 1.23, 0.13, 0.08755, 0.09170, -0.01335, 0.99184
-0.08, 1.23, 0.13, 0.08774, 0.09919, -0.01505, 0.99108
-0.08, 1.23, 0.13, 0.08811, 0.10640, -0.01672, 0.99027
-0.08, 1.23, 0.13, 0.08869, 0.11338, -0.01881, 0.98941
-0.08, 1.23, 0.13, 0.08955, 0.12062, -0.02137, 0.98842
-0.08, 1.23, 0.13, 0.09034, 0.12799, -0.02442, 0.98735
-0.08, 1.23, 0.13, 0.09096, 0.13567, -0.02721, 0.98619
-0.08, 1.23, 0.13, 0.09153, 0.14332, -0.02983, 0.98498
-0.08, 1.23, 0.13, 0.09261, 0.15071, -0.03191, 0.98371
-0.07, 1.23, 0.13, 0.09389, 0.15790, -0.03410, 0.98239
-0.07, 1.23, 0.13, 0.09522, 0.16525, -0.03683, 0.98095
-0.07, 1.23, 0.13, 0.09643, 0.17321, -0.04003, 0.97934
-0.07, 1.23, 0.13, 0.09760, 0.18131, -0.04284, 0.97763
-0.07, 1.23, 0.13, 0.09874, 0.18945, -0.04488, 0.97588
-0.07, 1.23, 0.13, 0.10057, 0.19705, -0.04627, 0.97412
-0.07, 1.23, 0.12, 0.10205, 0.20462, -0.04801, 0.97232
-0.07, 1.23, 0.12, 0.10322, 0.21221, -0.05021, 0.97046
-0.06, 1.23, 0.12, 0.10409, 0.22001, -0.05265, 0.96850
-0.06, 1.23, 0.12, 0.10464, 0.22805, -0.05547, 0.96642
-0.06, 1.23, 0.12, 0.10522, 0.23587, -0.05812, 0.96432
-0.06, 1.23, 0.12, 0.10563, 0.24340, -0.06050, 0.96226
-0.06, 1.23, 0.12, 0.10640, 0.25064, -0.06300, 0.96015
-0.06, 1.23, 0.12, 0.10704, 0.25800, -0.06587, 0.95794
-0.06, 1.23, 0.12, 0.10741, 0.26563, -0.06927, 0.95557
-0.06, 1.23, 0.12, 0.10781, 0.27337, -0.07262, 0.95308
-0.05, 1.23, 0.12, 0.10777, 0.28093, -0.07517, 0.95069
-0.05, 1.23, 0.12, 0.10813, 0.28825, -0.07716, 0.94830
-0.05, 1.23, 0.12, 0.10880, 0.29497, -0.07856, 0.94604
-0.05, 1.23, 0.12, 0.10909, 0.30180, -0.08061, 0.94367
-0.05, 1.23, 0.12, 0.11000, 0.30863, -0.08333, 0.94112
-0.05, 1.22, 0.12, 0.11088, 0.31566, -0.08635, 0.93841
-0.05, 1.22, 0.12, 0.11176, 0.32259, -0.08892, 0.93570
-0.05, 1.22, 0.12, 0.11281, 0.32897, -0.09093, 0.93316
-0.04, 1.22, 0.12, 0.11406, 0.33507, -0.09276, 0.93065
-0.04, 1.22, 0.11, 0.11544, 0.34102, -0.09460, 0.92813
-0.04, 1.22, 0.11, 0.11705, 0.34666, -0.09654, 0.92564
-0.04, 1.22, 0.11, 0.11842, 0.35218, -0.09839, 0.92318
-0.04, 1.22, 0.11, 0.11944, 0.35742, -0.10002, 0.92086
-0.04, 1.22, 0.11, 0.11999, 0.36246, -0.10085, 0.91872
-0.04, 1.22, 0.11, 0.12102, 0.36714, -0.10146, 0.91666
-0.04, 1.22, 0.11, 0.12191, 0.37211, -0.10216, 0.91446
-0.04, 1.22, 0.11, 0.12279, 0.37690, -0.10327, 0.91225
-0.04, 1.22, 0.11, 0.12347, 0.38212, -0.10451, 0.90985
-0.04, 1.22, 0.11, 0.12415, 0.38700, -0.10528, 0.90760
-0.03, 1.22, 0.11, 0.12497, 0.39166, -0.10572, 0.90543
-0.03, 1.22, 0.11, 0.12585, 0.39621, -0.10619, 0.90327
-0.03, 1.22, 0.11, 0.12695, 0.40063, -0.10663, 0.90111
-0.03, 1.22, 0.11, 0.12791, 0.40490, -0.10742, 0.89897
-0.03, 1.22, 0.10, 0.12865, 0.40893, -0.10801, 0.89697
-0.03, 1.22, 0.10, 0.12932, 0.41287, -0.10846, 0.89502
-0.03, 1.22, 0.10, 0.13016, 0.41669, -0.10905, 0.89305
-0.03, 1.22, 0.10, 0.13146, 0.42010, -0.10994, 0.89115
-0.03, 1.22, 0.10, 0.13313, 0.42339, -0.11107, 0.88920
-0.03, 1.22, 0.10, 0.13494, 0.42669, -0.11223, 0.88721
-0.03, 1.22, 0.10, 0.13662, 0.42981, -0.11343, 0.88528
-0.03, 1.21, 0.10, 0.13845, 0.43292, -0.11472, 0.88332
-0.03, 1.21, 0.10, 0.14039, 0.43594, -0.11616, 0.88134
-0.03, 1.21, 0.10, 0.14270, 0.43904, -0.11762, 0.87923
-0.02, 1.21, 0.10, 0.14531, 0.44192, -0.11935, 0.87713
-0.02, 1.21, 0.10, 0.14793, 0.44469, -0.12137, 0.87501
-0.02, 1.21, 0.10, 0.15060, 0.44768, -0.12349, 0.87273
-0.02, 1.21, 0.10, 0.15314, 0.45050, -0.12560, 0.87053
-0.02, 1.21, 0.10, 0.15542, 0.45341, -0.12731, 0.86836
-0.02, 1.21, 0.10, 0.15739, 0.45608, -0.12880, 0.86639
-0.02, 1.21, 0.09, 0.15900, 0.45876, -0.13031, 0.86445
-0.02, 1.21, 0.09, 0.16049, 0.46137, -0.13173, 0.86257
-0.02, 1.21, 0.09, 0.16217, 0.46405, -0.13347, 0.86055
-0.02, 1.21, 0.09, 0.16372, 0.46655, -0.13518, 0.85864
-0.02, 1.21, 0.09, 0.16518, 0.46897, -0.13688, 0.85676
-0.02, 1.21, 0.09, 0.16619, 0.47135, -0.13837, 0.85502
-0.02, 1.21, 0.09, 0.16710, 0.47384, -0.13998, 0.85321
-0.02, 1.21, 0.09, 0.16828, 0.47618, -0.14134, 0.85145
-0.02, 1.20, 0.09, 0.16946, 0.47836, -0.14247, 0.84980
-0.02, 1.20, 0.09, 0.17069, 0.48041, -0.14376, 0.84818
-0.02, 1.20, 0.09, 0.17191, 0.48231, -0.14519, 0.84661
-0.02, 1.20, 0.09, 0.17285, 0.48439, -0.14647, 0.84501
-0.02, 1.20, 0.09, 0.17383, 0.48630, -0.14786, 0.84346
-0.02, 1.20, 0.09, 0.17507, 0.48808, -0.14886, 0.84200
-0.02, 1.20, 0.09, 0.17629, 0.48975, -0.14979, 0.84061
-0.01, 1.20, 0.09, 0.17752, 0.49130, -0.15067, 0.83929
-0.01, 1.20, 0.09, 0.17862, 0.49260, -0.15166, 0.83811
-0.01, 1.20, 0.08, 0.17950, 0.49397, -0.15278, 0.83692
-0.01, 1.20, 0.08, 0.18049, 0.49538, -0.15405, 0.83564
-0.01, 1.20, 0.08, 0.18145, 0.49654, -0.15502, 0.83456
-0.01, 1.20, 0.08, 0.18268, 0.49776, -0.15576, 0.83343
-0.01, 1.20, 0.08, 0.18394, 0.49880, -0.15642, 0.83240
-0.01, 1.20, 0.08, 0.18496, 0.49985, -0.15752, 0.83134
-0.01, 1.20, 0.08, 0.18604, 0.50075, -0.15882, 0.83031
-0.01, 1.20, 0.08, 0.18670, 0.50180, -0.16012, 0.82928
-0.01, 1.20, 0.08, 0.18850, 0.50289, -0.16147, 0.82795
-0.01, 1.20, 0.08, 0.19017, 0.50375, -0.16233, 0.82688
-0.01, 1.20, 0.08, 0.19233, 0.50454, -0.16340, 0.82568
-0.01, 1.20, 0.08, 0.19487, 0.50527, -0.16491, 0.82433
-0.01, 1.20, 0.08, 0.19741, 0.50619, -0.16691, 0.82277
-0.01, 1.19, 0.08, 0.20003, 0.50707, -0.16869, 0.82123
-0.01, 1.19, 0.08, 0.20280, 0.50790, -0.17032, 0.81969
-0.01, 1.19, 0.08, 0.20524, 0.50876, -0.17195, 0.81821
-0.01, 1.19, 0.08, 0.20783, 0.50943, -0.17374, 0.81677
-0.01, 1.19, 0.08, 0.21030, 0.51031, -0.17560, 0.81518
-0.01, 1.19, 0.08, 0.21242, 0.51115, -0.17770, 0.81365
-0.01, 1.19, 0.08, 0.21423, 0.51220, -0.17971, 0.81207
-0.01, 1.19, 0.08, 0.21596, 0.51300, -0.18137, 0.81074
-0.01, 1.19, 0.08, 0.21732, 0.51384, -0.18239, 0.80961
-0.01, 1.19, 0.08, 0.21796, 0.51445, -0.18295, 0.80893
-0.01, 1.19, 0.08, 0.21955, 0.51548, -0.18492, 0.80739
-0.01, 1.19, 0.08, 0.22001, 0.51618, -0.18634, 0.80649
-0.01, 1.19, 0.08, 0.21980, 0.51717, -0.18790, 0.80555
-0.01, 1.19, 0.08, 0.21990, 0.51782, -0.18919, 0.80481
-0.01, 1.19, 0.07, 0.21911, 0.51876, -0.18988, 0.80426
-0.01, 1.19, 0.07, 0.21813, 0.51960, -0.18997, 0.80395
-0.01, 1.19, 0.07, 0.21729, 0.52048, -0.19019, 0.80356
-0.01, 1.19, 0.07, 0.21664, 0.52092, -0.19042, 0.80340
-0.01, 1.19, 0.07, 0.21599, 0.52154, -0.19079, 0.80308
-0.01, 1.19, 0.07, 0.21541, 0.52225, -0.19117, 0.80269
-0.01, 1.19, 0.07, 0.21484, 0.52276, -0.19118, 0.80250
-0.01, 1.19, 0.07, 0.21451, 0.52349, -0.19111, 0.80214
-0.01, 1.19, 0.07, 0.21432, 0.52411, -0.19123, 0.80176
-0.01, 1.19, 0.07, 0.21438, 0.52494, -0.19146, 0.80114
-0.01, 1.19, 0.07, 0.21448, 0.52579, -0.19194, 0.80044
-0.01, 1.19, 0.07, 0.21493, 0.52679, -0.19233, 0.79957
-0.01, 1.19, 0.07, 0.21564, 0.52764, -0.19301, 0.79865
-0.01, 1.19, 0.07, 0.21652, 0.52852, -0.19366, 0.79767
-0.01, 1.19, 0.07, 0.21738, 0.52926, -0.19425, 0.79681
-0.01, 1.19, 0.07, 0.21810, 0.53018, -0.19510, 0.79578
-0.01, 1.19, 0.07, 0.21900, 0.53078, -0.19631, 0.79484
-0.01, 1.18, 0.07, 0.21963, 0.53139, -0.19753, 0.79396
-0.01, 1.18, 0.07, 0.22043, 0.53203, -0.19880, 0.79299
-0.01, 1.18, 0.07, 0.22114, 0.53260, -0.19987, 0.79214
-0.01, 1.18, 0.07, 0.22173, 0.53314, -0.20118, 0.79128
-0.01, 1.18, 0.07, 0.22282, 0.53368, -0.20240, 0.79030
-0.01, 1.18, 0.07, 0.22344, 0.53418, -0.20389, 0.78940
-0.01, 1.18, 0.07, 0.22356, 0.53466, -0.20535, 0.78867
-0.01, 1.18, 0.07, 0.22372, 0.53540, -0.20675, 0.78775
-0.01, 1.18, 0.07, 0.22407, 0.53595, -0.20807, 0.78693
-0.01, 1.18, 0.07, 0.22449, 0.53666, -0.20923, 0.78601
-0.01, 1.18, 0.07, 0.22510, 0.53735, -0.21016, 0.78512
-0.01, 1.18, 0.07, 0.22586, 0.53788, -0.21123, 0.78426
-0.01, 1.18, 0.07, 0.22652, 0.53868, -0.21246, 0.78318
-0.01, 1.18, 0.07, 0.22712, 0.53930, -0.21362, 0.78227
-0.01, 1.18, 0.07, 0.22798, 0.53976, -0.21487, 0.78136
-0.01, 1.18, 0.07, 0.22867, 0.54017, -0.21569, 0.78065
-0.01, 1.18, 0.07, 0.22955, 0.54055, -0.21624, 0.77997
-0.01, 1.18, 0.07, 0.23022, 0.54081, -0.21700, 0.77938
-0.01, 1.18, 0.07, 0.23056, 0.54103, -0.21842, 0.77873
-0.01, 1.18, 0.07, 0.23082, 0.54128, -0.21998, 0.77804
-0.01, 1.18, 0.07, 0.23103, 0.54132, -0.22103, 0.77765
-0.01, 1.18, 0.07, 0.23117, 0.54138, -0.22169, 0.77738
0.00, 1.18, 0.07, 0.23140, 0.54140, -0.22171, 0.77730
0.00, 1.18, 0.07, 0.23182, 0.54114, -0.22215, 0.77722
0.00, 1.18, 0.07, 0.23190, 0.54116, -0.22265, 0.77705
0.00, 1.18, 0.07, 0.23169, 0.54104, -0.22305, 0.77707
0.00, 1.18, 0.07, 0.23129, 0.54098, -0.22305, 0.77724
0.00, 1.18, 0.07, 0.23119, 0.54088, -0.22303, 0.77734
0.00, 1.18, 0.07, 0.23094, 0.54089, -0.22305, 0.77740
0.00, 1.18, 0.07, 0.23048, 0.54095, -0.22325, 0.77744
0.00, 1.18, 0.07, 0.22967, 0.54103, -0.22358, 0.77753
0.00, 1.18, 0.07, 0.22924, 0.54111, -0.22405, 0.77747
0.00, 1.18, 0.07, 0.22869, 0.54138, -0.22432, 0.77736
0.00, 1.18, 0.07, 0.22824, 0.54159, -0.22456, 0.77728
0.00, 1.18, 0.07, 0.22769, 0.54183, -0.22454, 0.77728
-0.01, 1.18, 0.07, 0.22746, 0.54173, -0.22463, 0.77738
-0.01, 1.18, 0.07, 0.22754, 0.54188, -0.22464, 0.77726
-0.01, 1.18, 0.07, 0.22746, 0.54172, -0.22470, 0.77737
-0.01, 1.18, 0.07, 0.22750, 0.54169, -0.22441, 0.77747
-0.01, 1.18, 0.07, 0.22729, 0.54159, -0.22407, 0.77770
-0.01, 1.18, 0.07, 0.22719, 0.54146, -0.22382, 0.77789
-0.01, 1.18, 0.07, 0.22706, 0.54141, -0.22380, 0.77797
-0.01, 1.18, 0.07, 0.22715, 0.54121, -0.22373, 0.77810
-0.01, 1.18, 0.07, 0.22728, 0.54107, -0.22353, 0.77822
-0.01, 1.18, 0.07, 0.22714, 0.54098, -0.22347, 0.77834
-0.01, 1.18, 0.07, 0.22676, 0.54090, -0.22363, 0.77846
-0.01, 1.18, 0.07, 0.22623, 0.54097, -0.22347, 0.77861
-0.01, 1.18, 0.07, 0.22574, 0.54115, -0.22324, 0.77869
-0.01, 1.18, 0.07, 0.22548, 0.54133, -0.22271, 0.77880
-0.01, 1.18, 0.07, 0.22540, 0.54143, -0.22182, 0.77900
-0.01, 1.18, 0.07, 0.22518, 0.54147, -0.22126, 0.77920
-0.01, 1.18, 0.07, 0.22483, 0.54174, -0.22111, 0.77915
-0.01, 1.18, 0.07, 0.22442, 0.54211, -0.22096, 0.77906
-0.01, 1.18, 0.07, 0.22394, 0.54239, -0.22091, 0.77902
-0.01, 1.18, 0.07, 0.22379, 0.54253, -0.22070, 0.77902
-0.01, 1.18, 0.07, 0.22359, 0.54262, -0.22025, 0.77914
-0.01, 1.18, 0.07, 0.22341, 0.54277, -0.21951, 0.77930
-0.01, 1.18, 0.07, 0.22313, 0.54268, -0.21905, 0.77957
-0.01, 1.18, 0.07, 0.22294, 0.54273, -0.21864, 0.77970
-0.01, 1.18, 0.07, 0.22278, 0.54256, -0.21835, 0.77995
-0.01, 1.18, 0.07, 0.22262, 0.54239, -0.21789, 0.78024
-0.01, 1.18, 0.07, 0.22189, 0.54211, -0.21750, 0.78075
-0.01, 1.18, 0.07, 0.22125, 0.54164, -0.21707, 0.78138
-0.01, 1.18, 0.07, 0.22036, 0.54131, -0.21634, 0.78206
-0.01, 1.18, 0.07, 0.21969, 0.54118, -0.21538, 0.78261
-0.01, 1.18, 0.07, 0.21893, 0.54093, -0.21439, 0.78326
-0.01, 1.18, 0.07, 0.21814, 0.54075, -0.21324, 0.78393
-0.01, 1.18, 0.07, 0.21730, 0.54049, -0.21231, 0.78459
-0.01, 1.18, 0.07, 0.21624, 0.54039, -0.21115, 0.78526
-0.01, 1.18, 0.07, 0.21478, 0.54039, -0.20977, 0.78603
-0.01, 1.18, 0.07, 0.21328, 0.54064, -0.20842, 0.78663
-0.01, 1.18, 0.07, 0.21164, 0.54093, -0.20712, 0.78721
-0.01, 1.18, 0.07, 0.21022, 0.54132, -0.20606, 0.78761
-0.01, 1.18, 0.07, 0.20868, 0.54183, -0.20520, 0.78789
-0.01, 1.19, 0.07, 0.20695, 0.54237, -0.20406, 0.78827
-0.01, 1.19, 0.07, 0.20545, 0.54296, -0.20288, 0.78856
-0.01, 1.19, 0.07, 0.20409, 0.54363, -0.20190, 0.78871
-0.01, 1.19, 0.07, 0.20297, 0.54414, -0.20110, 0.78884
-0.01, 1.19, 0.07, 0.20197, 0.54471, -0.20058, 0.78884
-0.01, 1.19, 0.07, 0.20101, 0.54497, -0.20009, 0.78903
-0.01, 1.19, 0.07, 0.19990, 0.54545, -0.19966, 0.78909
-0.01, 1.19, 0.07, 0.19879, 0.54576, -0.19939, 0.78922
-0.01, 1.19, 0.07, 0.19790, 0.54587, -0.19911, 0.78944
-0.01, 1.19, 0.07, 0.19691, 0.54599, -0.19873, 0.78970
-0.01, 1.19, 0.07, 0.19607, 0.54616, -0.19823, 0.78992
-0.01, 1.19, 0.07, 0.19532, 0.54635, -0.19768, 0.79011
-0.01, 1.19, 0.07, 0.19466, 0.54657, -0.19685, 0.79033
-0.01, 1.19, 0.07, 0.19359, 0.54683, -0.19606, 0.79061
-0.01, 1.19, 0.07, 0.19264, 0.54699, -0.19514, 0.79096
-0.01, 1.19, 0.07, 0.19190, 0.54704, -0.19384, 0.79142
-0.01, 1.19, 0.07, 0.19104, 0.54692, -0.19269, 0.79199
-0.01, 1.19, 0.07, 0.19004, 0.54684, -0.19171, 0.79253
-0.01, 1.19, 0.07, 0.18910, 0.54695, -0.19067, 0.79293
-0.01, 1.19, 0.07, 0.18784, 0.54691, -0.18917, 0.79361
-0.01, 1.19, 0.07, 0.18660, 0.54657, -0.18751, 0.79453
-0.01, 1.19, 0.07, 0.18557, 0.54644, -0.18590, 0.79524
-0.01, 1.19, 0.07, 0.18447, 0.54601, -0.18463, 0.79609
-0.01, 1.19, 0.07, 0.18364, 0.54531, -0.18333, 0.79706
-0.01, 1.19, 0.07, 0.18293, 0.54432, -0.18167, 0.79828
-0.01, 1.19, 0.07, 0.18178, 0.54316, -0.18012, 0.79968
-0.01, 1.19, 0.07, 0.18083, 0.54181, -0.17926, 0.80100
-0.01, 1.19, 0.07, 0.17975, 0.54026, -0.17882, 0.80239
-0.01, 1.19, 0.08, 0.17899, 0.53875, -0.17833, 0.80368
-0.01, 1.19, 0.08, 0.17803, 0.53723, -0.17759, 0.80508
-0.01, 1.19, 0.08, 0.17752, 0.53542, -0.17684, 0.80656
-0.01, 1.19, 0.08, 0.17678, 0.53350, -0.17644, 0.80808
-0.01, 1.20, 0.08, 0.17549, 0.53153, -0.17649, 0.80965
-0.01, 1.20, 0.08, 0.17393, 0.52953, -0.17642, 0.81131
-0.01, 1.20, 0.08, 0.17253, 0.52728, -0.17587, 0.81319
-0.01, 1.20, 0.08, 0.17099, 0.52504, -0.17538, 0.81507
-0.01, 1.20, 0.08, 0.16971, 0.52252, -0.17489, 0.81706
-0.01, 1.20, 0.08, 0.16845, 0.51998, -0.17447, 0.81903
-0.01, 1.20, 0.08, 0.16701, 0.51735, -0.17366, 0.82116
-0.01, 1.20, 0.08, 0.16533, 0.51432, -0.17255, 0.82363
-0.01, 1.20, 0.08, 0.16308, 0.51118, -0.17161, 0.82622
-0.01, 1.20, 0.08, 0.16022, 0.50797, -0.17138, 0.82881
-0.01, 1.20, 0.08, 0.15774, 0.50501, -0.17192, 0.83098
-0.01, 1.20, 0.08, 0.15556, 0.50200, -0.17174, 0.83325
-0.01, 1.20, 0.09, 0.15367, 0.49881, -0.17062, 0.83574
-0.01, 1.20, 0.09, 0.15197, 0.49572, -0.16920, 0.83817
-0.01, 1.20, 0.09, 0.15050, 0.49291, -0.16788, 0.84036
-0.01, 1.20, 0.09, 0.14873, 0.49000, -0.16662, 0.84262
-0.01, 1.20, 0.09, 0.14702, 0.48722, -0.16488, 0.84488
-0.01, 1.20, 0.09, 0.14525, 0.48431, -0.16308, 0.84720
-0.02, 1.20, 0.09, 0.14337, 0.48159, -0.16164, 0.84934
-0.02, 1.21, 0.09, 0.14180, 0.47850, -0.16044, 0.85158
-0.02, 1.21, 0.09, 0.14029, 0.47541, -0.15936, 0.85376
-0.02, 1.21, 0.09, 0.13884, 0.47236, -0.15820, 0.85590
-0.02, 1.21, 0.09, 0.13732, 0.46936, -0.15707, 0.85801
-0.02, 1.21, 0.09, 0.13625, 0.46623, -0.15572, 0.86013
-0.02, 1.21, 0.09, 0.13505, 0.46326, -0.15416, 0.86220
-0.02, 1.21, 0.09, 0.13401, 0.46013, -0.15239, 0.86435
-0.02, 1.21, 0.09, 0.13306, 0.45677, -0.15065, 0.86658
-0.02, 1.21, 0.09, 0.13195, 0.45362, -0.14927, 0.86864
-0.02, 1.21, 0.09, 0.13090, 0.45057, -0.14814, 0.87058
-0.02, 1.21, 0.10, 0.12953, 0.44759, -0.14709, 0.87250
-0.02, 1.21, 0.10, 0.12820, 0.44463, -0.14569, 0.87444
-0.02, 1.21, 0.10, 0.12722, 0.44181, -0.14410, 0.87627
-0.03, 1.21, 0.10, 0.12652, 0.43863, -0.14218, 0.87828
-0.03, 1.21, 0.10, 0.12579, 0.43547, -0.14012, 0.88029
-0.03, 1.21, 0.10, 0.12473, 0.43216, -0.13813, 0.88238
-0.03, 1.21, 0.10, 0.12351, 0.42902, -0.13633, 0.88436
-0.03, 1.21, 0.10, 0.12217, 0.42617, -0.13477, 0.88617
-0.03, 1.21, 0.10, 0.12100, 0.42317, -0.13325, 0.88799
-0.03, 1.21, 0.10, 0.11984, 0.42011, -0.13171, 0.88983
-0.03, 1.22, 0.10, 0.11891, 0.41698, -0.13007, 0.89167
-0.03, 1.22, 0.10, 0.11819, 0.41377, -0.12886, 0.89343
-0.03, 1.22, 0.10, 0.11747, 0.41075, -0.12754, 0.89511
-0.03, 1.22, 0.10, 0.11685, 0.40755, -0.12578, 0.89690
-0.03, 1.22, 0.10, 0.11634, 0.40409, -0.12375, 0.89881
-0.04, 1.22, 0.10, 0.11612, 0.40036, -0.12149, 0.90081
-0.04, 1.22, 0.10, 0.11620, 0.39633, -0.11902, 0.90291
-0.04, 1.22, 0.11, 0.11629, 0.39202, -0.11668, 0.90509
-0.04, 1.22, 0.11, 0.11672, 0.38756, -0.11482, 0.90719
-0.04, 1.22, 0.11, 0.11730, 0.38287, -0.11386, 0.90922
-0.04, 1.22, 0.11, 0.11780, 0.37840, -0.11335, 0.91109
-0.04, 1.22, 0.11, 0.11827, 0.37391, -0.11279, 0.91295
-0.04, 1.22, 0.11, 0.11853, 0.36911, -0.11169, 0.91501
-0.04, 1.22, 0.11, 0.11867, 0.36419, -0.11068, 0.91708
-0.04, 1.22, 0.11, 0.11896, 0.35936, -0.10974, 0.91906
-0.05, 1.22, 0.11, 0.11991, 0.35430, -0.10880, 0.92101
-0.05, 1.22, 0.11, 0.12031, 0.34881, -0.10769, 0.92318
-0.05, 1.22, 0.11, 0.12054, 0.34317, -0.10669, 0.92538
-0.05, 1.22, 0.11, 0.12041, 0.33773, -0.10613, 0.92746
-0.05, 1.22, 0.11, 0.12005, 0.33222, -0.10563, 0.92955
-0.05, 1.22, 0.11, 0.11982, 0.32683, -0.10513, 0.93155
-0.05, 1.22, 0.11, 0.11984, 0.32131, -0.10434, 0.93355
-0.05, 1.22, 0.11, 0.11983, 0.31581, -0.10342, 0.93553
-0.05, 1.22, 0.11, 0.11947, 0.31039, -0.10222, 0.93752
-0.06, 1.22, 0.11, 0.11896, 0.30470, -0.10083, 0.93960
-0.06, 1.22, 0.11, 0.11827, 0.29919, -0.09896, 0.94165
-0.06, 1.22, 0.11, 0.11806, 0.29336, -0.09718, 0.94369
-0.06, 1.22, 0.12, 0.11807, 0.28732, -0.09554, 0.94572
-0.06, 1.22, 0.12, 0.11791, 0.28135, -0.09371, 0.94771
-0.06, 1.22, 0.12, 0.11774, 0.27544, -0.09179, 0.94966
-0.06, 1.22, 0.12, 0.11788, 0.26929, -0.08961, 0.95161
-0.06, 1.22, 0.12, 0.11825, 0.26296, -0.08708, 0.95356
-0.07, 1.22, 0.12, 0.11844, 0.25631, -0.08444, 0.95559
-0.07, 1.22, 0.12, 0.11893, 0.24950, -0.08174, 0.95756
-0.07, 1.22, 0.12, 0.11938, 0.24273, -0.07927, 0.95945
-0.07, 1.22, 0.12, 0.11979, 0.23575, -0.07674, 0.96134
-0.07, 1.22, 0.12, 0.11978, 0.22883, -0.07446, 0.96320
-0.07, 1.22, 0.12, 0.12007, 0.22159, -0.07195, 0.96504
-0.08, 1.23, 0.12, 0.12054, 0.21438, -0.06967, 0.96678
-0.08, 1.23, 0.12, 0.12087, 0.20701, -0.06711, 0.96852
-0.08, 1.23, 0.12, 0.12147, 0.19950, -0.06468, 0.97019
-0.08, 1.23, 0.12, 0.12183, 0.19214, -0.06251, 0.97177
-0.08, 1.23, 0.12, 0.12198, 0.18487, -0.06061, 0.97328
-0.08, 1.23, 0.12, 0.12217, 0.17796, -0.05875, 0.97466
-0.09, 1.23, 0.12, 0.12209, 0.17127, -0.05671, 0.97598
-0.09, 1.23, 0.12, 0.12179, 0.16450, -0.05465, 0.97730
-0.09, 1.23, 0.12, 0.12194, 0.15800, -0.05274, 0.97846
-0.09, 1.23, 0.12, 0.12182, 0.15148, -0.05041, 0.97963
-0.09, 1.23, 0.12, 0.12210, 0.14500, -0.04788, 0.98070
-0.09, 1.23, 0.12, 0.12199, 0.13848, -0.04522, 0.98178
-0.09, 1.23, 0.12, 0.12186, 0.13189, -0.04269, 0.98282
-0.10, 1.23, 0.12, 0.12178, 0.12554, -0.04019, 0.98377
-0.10, 1.23, 0.13, 0.12169, 0.11926, -0.03792, 0.98465
-0.10, 1.23, 0.13, 0.12160, 0.11347, -0.03578, 0.98542
-0.10, 1.23, 0.13, 0.12153, 0.10779, -0.03377, 0.98614
-0.10, 1.23, 0.13, 0.12151, 0.10226, -0.03173, 0.98680
-0.10, 1.23, 0.13, 0.12151, 0.09676, -0.02940, 0.98743
-0.11, 1.23, 0.13, 0.12119, 0.09145, -0.02712, 0.98804
-0.11, 1.23, 0.13, 0.12112, 0.08618, -0.02478, 0.98858
-0.11, 1.23, 0.13, 0.12089, 0.08088, -0.02252, 0.98911
-0.11, 1.23, 0.13, 0.12079, 0.07578, -0.02027, 0.98957
-0.11, 1.23, 0.13, 0.12068, 0.07092, -0.01831, 0.98999
-0.11, 1.23, 0.13, 0.12031, 0.06611, -0.01620, 0.99040
-0.11, 1.23, 0.13, 0.11978, 0.06161, -0.01430, 0.99078
-0.12, 1.23, 0.13, 0.11938, 0.05702, -0.01207, 0.99114
-0.12, 1.23, 0.13, 0.11906, 0.05259, -0.00977, 0.99145
-0.12, 1.23, 0.13, 0.11881, 0.04805, -0.00735, 0.99173
-0.12, 1.23, 0.13, 0.11841, 0.04372, -0.00500, 0.99199
-0.12, 1.23, 0.13, 0.11781, 0.03920, -0.00292, 0.99226
-0.12, 1.23, 0.13, 0.11747, 0.03488, -0.00085, 0.99246
-0.12, 1.23, 0.13, 0.11684, 0.03079, 0.00089, 0.99267
-0.13, 1.23, 0.13, 0.11637, 0.02657, 0.00257, 0.99285
-0.13, 1.23, 0.13, 0.11588, 0.02241, 0.00413, 0.99300
-0.13, 1.23, 0.13, 0.11516, 0.01832, 0.00539, 0.99316
-0.13, 1.23, 0.13, 0.11439, 0.01412, 0.00656, 0.99331
-0.13, 1.23, 0.13, 0.11357, 0.00999, 0.00754, 0.99345
-0.13, 1.23, 0.13, 0.11273, 0.00586, 0.00836, 0.99357
-0.13, 1.23, 0.13, 0.11219, 0.00165, 0.00884, 0.99365
-0.13, 1.23, 0.13, 0.11170, -0.00256, 0.00942, 0.99369
-0.13, 1.23, 0.13, 0.11139, -0.00678, 0.00998, 0.99370
-0.14, 1.23, 0.13, 0.11161, -0.01079, 0.01030, 0.99364
-0.14, 1.23, 0.13, 0.11182, -0.01449, 0.01055, 0.99357
-0.14, 1.23, 0.13, 0.11150, -0.01820, 0.01082, 0.99354
-0.14, 1.23, 0.13, 0.11127, -0.02180, 0.01108, 0.99349
-0.14, 1.23, 0.13, 0.11137, -0.02561, 0.01134, 0.99338
-0.14, 1.23, 0.13, 0.11109, -0.02914, 0.01162, 0.99331
-0.14, 1.23, 0.13, 0.11073, -0.03284, 0.01201, 0.99324
-0.14, 1.23, 0.13, 0.11029, -0.03648, 0.01249, 0.99315
-0.14, 1.23, 0.13, 0.11038, -0.03992, 0.01300, 0.99300
-0.14, 1.23, 0.13, 0.11069, -0.04327, 0.01356, 0.99282
-0.14, 1.23, 0.13, 0.11015, -0.04667, 0.01419, 0.99272
-0.14, 1.23, 0.13, 0.10860, -0.05020, 0.01444, 0.99271
-0.14, 1.23, 0.13, 0.10688, -0.05381, 0.01457, 0.99271
-0.14, 1.23, 0.13, 0.10499, -0.05723, 0.01463, 0.99272
-0.15, 1.23, 0.13, 0.10415, -0.06087, 0.01507, 0.99258
-0.15, 1.23, 0.13, 0.10315, -0.06468, 0.01546, 0.99244
-0.15, 1.23, 0.13, 0.10297, -0.06841, 0.01588, 0.99220
-0.15, 1.23, 0.13, 0.10310, -0.07195, 0.01631, 0.99193
-0.15, 1.23, 0.13, 0.10288, -0.07572, 0.01663, 0.99167
-0.15, 1.23, 0.13, 0.10203, -0.07917, 0.01660, 0.99149
-0.15, 1.23, 0.13, 0.10097, -0.08267, 0.01668, 0.99131
-0.15, 1.23, 0.13, 0.09961, -0.08551, 0.01657, 0.99121
-0.15, 1.23, 0.12, 0.09852, -0.08829, 0.01644, 0.99107
-0.15, 1.23, 0.12, 0.09635, -0.09068, 0.01617, 0.99108
-0.15, 1.23, 0.12, 0.09412, -0.09291, 0.01620, 0.99108
-0.15, 1.23, 0.12, 0.09238, -0.09474, 0.01633, 0.99107
-0.15, 1.23, 0.12, 0.09118, -0.09644, 0.01654, 0.99102
-0.15, 1.23, 0.12, 0.08982, -0.09785, 0.01703, 0.99099
-0.15, 1.23, 0.12, 0.08835, -0.09892, 0.01701, 0.99102
-0.15, 1.23, 0.12, 0.08676, -0.09928, 0.01689, 0.99113
-0.15, 1.23, 0.12, 0.08517, -0.09945, 0.01666, 0.99125
-0.15, 1.23, 0.12, 0.08367, -0.09919, 0.01646, 0.99141
-0.15, 1.23, 0.12, 0.08252, -0.09884, 0.01641, 0.99154
-0.15, 1.23, 0.12, 0.08235, -0.09814, 0.01646, 0.99162
-0.15, 1.23, 0.12, 0.08221, -0.09764, 0.01699, 0.99167
-0.15, 1.23, 0.12, 0.08185, -0.09674, 0.01726, 0.99179
-0.15, 1.23, 0.12, 0.08190, -0.09586, 0.01759, 0.99186
-0.15, 1.24, 0.12, 0.08186, -0.09501, 0.01781, 0.99195
-0.15, 1.24, 0.12, 0.08139, -0.09438, 0.01823, 0.99204
-0.15, 1.24, 0.12, 0.08130, -0.09408, 0.01871, 0.99206
-0.15, 1.24, 0.12, 0.08161, -0.09431, 0.01909, 0.99201
-0.15, 1.24, 0.12, 0.08181, -0.09468, 0.01924, 0.99195
-0.15, 1.24, 0.12, 0.08173, -0.09509, 0.01944, 0.99192
-0.15, 1.24, 0.12, 0.08149, -0.09570, 0.01962, 0.99188
-0.15, 1.24, 0.12, 0.08115, -0.09654, 0.01975, 0.99182
-0.15, 1.24, 0.12, 0.08072, -0.09776, 0.02013, 0.99173
-0.15, 1.24, 0.12, 0.08017, -0.09932, 0.02061, 0.99161
-0.15, 1.24, 0.12, 0.07969, -0.10130, 0.02121, 0.99143
-0.15, 1.24, 0.12, 0.07920, -0.10352, 0.02188, 0.99123
-0.16, 1.24, 0.12, 0.07881, -0.10594, 0.02237, 0.99099
-0.16, 1.24, 0.12, 0.07839, -0.10837, 0.02285, 0.99075
-0.16, 1.24, 0.12, 0.07795, -0.11091, 0.02342, 0.99049
-0.16, 1.24, 0.12, 0.07734, -0.11373, 0.02404, 0.99021
-0.16, 1.24, 0.12, 0.07673, -0.11662, 0.02497, 0.98989
-0.16, 1.24, 0.12, 0.07631, -0.11979, 0.02579, 0.98953
-0.16, 1.24, 0.12, 0.07598, -0.12302, 0.02658, 0.98913
-0.16, 1.24, 0.12, 0.07596, -0.12642, 0.02742, 0.98868
-0.16, 1.24, 0.11, 0.07611, -0.12987, 0.02802, 0.98821
-0.16, 1.24, 0.11, 0.07617, -0.13308, 0.02864, 0.98776
-0.16, 1.24, 0.11, 0.07581, -0.13610, 0.02903, 0.98736
-0.16, 1.24, 0.11, 0.07529, -0.13906, 0.02945, 0.98698
-0.16, 1.24, 0.11, 0.07511, -0.14188, 0.02990, 0.98658
-0.16, 1.24, 0.11, 0.07491, -0.14442, 0.03020, 0.98621
-0.16, 1.24, 0.11, 0.07499, -0.14711, 0.03041, 0.98580
-0.16, 1.24, 0.11, 0.07537, -0.14938, 0.03035, 0.98544
-0.16, 1.24, 0.11, 0.07545, -0.15133, 0.03028, 0.98513
-0.16, 1.24, 0.11, 0.07555, -0.15327, 0.03002, 0.98483
-0.16, 1.24, 0.11, 0.07557, -0.15490, 0.03002, 0.98458
-0.16, 1.24, 0.11, 0.07542, -0.15621, 0.02987, 0.98439
-0.16, 1.24, 0.11, 0.07516, -0.15723, 0.02967, 0.98425
-0.16, 1.24, 0.11, 0.07498, -0.15767, 0.02932, 0.98421
-0.16, 1.24, 0.11, 0.07492, -0.15788, 0.02923, 0.98418
-0.16, 1.24, 0.11, 0.07489, -0.15827, 0.02897, 0.98413
-0.16, 1.24, 0.11, 0.07482, -0.15805, 0.02890, 0.98417
-0.16, 1.24, 0.11, 0.07489, -0.15753, 0.02868, 0.98425
-0.16, 1.24, 0.11, 0.07464, -0.15691, 0.02841, 0.98438
-0.16, 1.24, 0.11, 0.07467, -0.15591, 0.02843, 0.98454
-0.16, 1.24, 0.11, 0.07475, -0.15476, 0.02817, 0.98472
-0.16, 1.24, 0.11, 0.07486, -0.15368, 0.02803, 0.98488
-0.16, 1.24, 0.11, 0.07494, -0.15231, 0.02775, 0.98510
-0.16, 1.24, 0.11, 0.07514, -0.15107, 0.02759, 0.98528
-0.16, 1.24, 0.11, 0.07518, -0.14980, 0.02743, 0.98547
-0.16, 1.24, 0.11, 0.07530, -0.14830, 0.02726, 0.98569
-0.16, 1.24, 0.11, 0.07540, -0.14711, 0.02711, 0.98587
-0.16, 1.24, 0.11, 0.07545, -0.14600, 0.02690, 0.98604
-0.16, 1.24, 0.11, 0.07567, -0.14471, 0.02651, 0.98622
-0.16, 1.24, 0.11, 0.07586, -0.14369, 0.02626, 0.98636
-0.16, 1.24, 0.11, 0.07610, -0.14270, 0.02595, 0.98649
-0.16, 1.24, 0.11, 0.07599, -0.14183, 0.02597, 0.98663
-0.16, 1.24, 0.11, 0.07606, -0.14107, 0.02581, 0.98674
-0.16, 1.24, 0.11, 0.07618, -0.14044, 0.02581, 0.98682
-0.16, 1.24, 0.11, 0.07647, -0.13998, 0.02593, 0.98686
-0.16, 1.24, 0.11, 0.07676, -0.13944, 0.02586, 0.98691
-0.16, 1.24, 0.11, 0.07693, -0.13884, 0.02589, 0.98698
-0.16, 1.24, 0.11, 0.07688, -0.13856, 0.02587, 0.98703
-0.16, 1.24, 0.11, 0.07672, -0.13800, 0.02604, 0.98711
-0.16, 1.24, 0.11, 0.07671, -0.13761, 0.02583, 0.98717
-0.16, 1.24, 0.11, 0.07686, -0.13719, 0.02562, 0.98723
-0.16, 1.24, 0.11, 0.07715, -0.13695, 0.02535, 0.98724
-0.16, 1.24, 0.11, 0.07748, -0.13661, 0.02518, 0.98727
-0.16, 1.24, 0.11, 0.07774, -0.13621, 0.02517, 0.98730
-0.16, 1.24, 0.11, 0.07797, -0.13599, 0.02528, 0.98731
-0.16, 1.24, 0.11, 0.07820, -0.13573, 0.02523, 0.98733
-0.16, 1.24, 0.11, 0.07840, -0.13537, 0.02510, 0.98737
-0.16, 1.24, 0.11, 0.07851, -0.13515, 0.02516, 0.98739
-0.15, 1.24, 0.11, 0.07871, -0.13485, 0.02508, 0.98742
-0.15, 1.24, 0.11, 0.07885, -0.13453, 0.02496, 0.98745
-0.15, 1.24, 0.11, 0.07905, -0.13423, 0.02482, 0.98748
-0.15, 1.24, 0.11, 0.07910, -0.13407, 0.02481, 0.98750
-0.15, 1.24, 0.11, 0.07927, -0.13362, 0.02461, 0.98755
-0.15, 1.24, 0.11, 0.07937, -0.13322, 0.02453, 0.98760
-0.15, 1.24, 0.11, 0.07961, -0.13209, 0.02424, 0.98774
-0.15, 1.24, 0.11, 0.07956, -0.13164, 0.02403, 0.98781
-0.15, 1.24, 0.11, 0.07945, -0.13120, 0.02386, 0.98788
-0.15, 1.24, 0.11, 0.07929, -0.13064, 0.02366, 0.98797
-0.15, 1.24, 0.11, 0.07917, -0.13000, 0.02348, 0.98807
-0.15, 1.24, 0.11, 0.07873, -0.12947, 0.02337, 0.98818
-0.15, 1.24, 0.11, 0.07848, -0.12879, 0.02335, 0.98829
-0.15, 1.24, 0.11, 0.07820, -0.12825, 0.02331, 0.98838
-0.15, 1.24, 0.11, 0.07782, -0.12755, 0.02319, 0.98850
-0.15, 1.24, 0.11, 0.07756, -0.12693, 0.02311, 0.98860
-0.15, 1.24, 0.11, 0.07749, -0.12632, 0.02314, 0.98869
-0.15, 1.24, 0.11, 0.07727, -0.12562, 0.02309, 0.98879
-0.15, 1.24, 0.11, 0.07699, -0.12502, 0.02302, 0.98889
-0.15, 1.24, 0.11, 0.07669, -0.12446, 0.02292, 0.98899
