-0.01, 1.16, 0.10, 0.04287, -0.08624, 0.01301, 0.99527
-0.01, 1.16, 0.10, 0.04293, -0.08605, 0.01274, 0.99528
-0.01, 1.16, 0.10, 0.04247, -0.08590, 0.01240, 0.99532
-0.01, 1.16, 0.10, 0.04190, -0.08556, 0.01230, 0.99538
-0.01, 1.16, 0.10, 0.04204, -0.08556, 0.01256, 0.99537
-0.01, 1.16, 0.10, 0.04193, -0.08528, 0.01293, 0.99539
-0.01, 1.16, 0.10, 0.04172, -0.08527, 0.01303, 0.99540
-0.01, 1.16, 0.10, 0.04154, -0.08506, 0.01322, 0.99542
-0.01, 1.16, 0.10, 0.04138, -0.08505, 0.01321, 0.99543
-0.01, 1.16, 0.10, 0.04149, -0.08515, 0.01332, 0.99542
-0.01, 1.16, 0.10, 0.04148, -0.08522, 0.01328, 0.99541
-0.01, 1.16, 0.10, 0.04142, -0.08532, 0.01325, 0.99540
-0.01, 1.16, 0.10, 0.04138, -0.08542, 0.01316, 0.99540
-0.01, 1.16, 0.10, 0.04134, -0.08564, 0.01306, 0.99538
-0.01, 1.16, 0.10, 0.04121, -0.08579, 0.01300, 0.99538
-0.01, 1.16, 0.10, 0.04106, -0.08583, 0.01299, 0.99538
-0.01, 1.16, 0.10, 0.04086, -0.08583, 0.01306, 0.99539
-0.01, 1.16, 0.10, 0.04071, -0.08574, 0.01304, 0.99540
-0.01, 1.16, 0.10, 0.04042, -0.08583, 0.01320, 0.99540
-0.01, 1.16, 0.10, 0.04026, -0.08564, 0.01346, 0.99542
-0.01, 1.16, 0.10, 0.04020, -0.08553, 0.01368, 0.99543
-0.01, 1.16, 0.10, 0.04005, -0.08551, 0.01366, 0.99544
-0.01, 1.16, 0.10, 0.03997, -0.08535, 0.01363, 0.99546
-0.01, 1.16, 0.10, 0.03979, -0.08515, 0.01365, 0.99548
-0.01, 1.16, 0.10, 0.04002, -0.08504, 0.01386, 0.99548
-0.01, 1.16, 0.10, 0.04005, -0.08507, 0.01396, 0.99547
-0.01, 1.16, 0.10, 0.04006, -0.08500, 0.01404, 0.99548
-0.01, 1.16, 0.10, 0.04020, -0.08514, 0.01394, 0.99546
-0.01, 1.16, 0.10, 0.04032, -0.08530, 0.01380, 0.99544
-0.01, 1.16, 0.10, 0.04041, -0.08550, 0.01351, 0.99543
-0.01, 1.16, 0.10, 0.04042, -0.08582, 0.01328, 0.99540
-0.01, 1.16, 0.10, 0.04043, -0.08608, 0.01313, 0.99538
-0.01, 1.16, 0.10, 0.04049, -0.08612, 0.01315, 0.99537
-0.01, 1.16, 0.10, 0.04055, -0.08639, 0.01318, 0.99535
-0.01, 1.16, 0.10, 0.04060, -0.08655, 0.01323, 0.99533
-0.01, 1.16, 0.10, 0.04061, -0.08649, 0.01324, 0.99534
-0.01, 1.16, 0.10, 0.04056, -0.08649, 0.01341, 0.99534
-0.01, 1.16, 0.10, 0.04053, -0.08643, 0.01362, 0.99534
-0.01, 1.16, 0.10, 0.04054, -0.08635, 0.01377, 0.99534
-0.01, 1.16, 0.10, 0.04044, -0.08624, 0.01401, 0.99535
-0.01, 1.16, 0.10, 0.04034, -0.08593, 0.01425, 0.99538
-0.01, 1.16, 0.10, 0.04017, -0.08599, 0.01425, 0.99538
-0.01, 1.16, 0.10, 0.04024, -0.08608, 0.01432, 0.99537
-0.01, 1.16, 0.10, 0.04001, -0.08600, 0.01428, 0.99539
-0.01, 1.16, 0.10, 0.03987, -0.08603, 0.01411, 0.99539
-0.01, 1.16, 0.10, 0.03956, -0.08614, 0.01390, 0.99540
-0.01, 1.16, 0.10, 0.03956, -0.08619, 0.01391, 0.99540
-0.01, 1.16, 0.10, 0.03952, -0.08622, 0.01391, 0.99539
-0.01, 1.16, 0.10, 0.03943, -0.08622, 0.01382, 0.99540
-0.01, 1.16, 0.10, 0.03935, -0.08617, 0.01373, 0.99541
-0.01, 1.16, 0.10, 0.03934, -0.08605, 0.01371, 0.99542
-0.01, 1.16, 0.10, 0.03935, -0.08598, 0.01383, 0.99542
-0.01, 1.16, 0.10, 0.03923, -0.08585, 0.01390, 0.99544
-0.01, 1.16, 0.10, 0.03905, -0.08554, 0.01404, 0.99547
-0.01, 1.16, 0.10, 0.03907, -0.08546, 0.01431, 0.99547
-0.01, 1.16, 0.10, 0.03930, -0.08544, 0.01446, 0.99546
-0.01, 1.16, 0.10, 0.03944, -0.08553, 0.01454, 0.99545
-0.01, 1.16, 0.10, 0.03934, -0.08544, 0.01452, 0.99546
-0.01, 1.16, 0.10, 0.03943, -0.08540, 0.01420, 0.99546
-0.01, 1.16, 0.10, 0.03965, -0.08550, 0.01393, 0.99545
-0.01, 1.16, 0.10, 0.03984, -0.08555, 0.01378, 0.99544
-0.01, 1.16, 0.10, 0.04008, -0.08556, 0.01388, 0.99543
-0.01, 1.16, 0.10, 0.04029, -0.08566, 0.01399, 0.99541
-0.01, 1.16, 0.10, 0.04017, -0.08567, 0.01425, 0.99541
-0.01, 1.16, 0.10, 0.04019, -0.08568, 0.01417, 0.99541
-0.01, 1.16, 0.10, 0.04019, -0.08573, 0.01424, 0.99541
-0.01, 1.16, 0.10, 0.04022, -0.08574, 0.01423, 0.99540
-0.01, 1.16, 0.10, 0.04027, -0.08571, 0.01412, 0.99541
-0.01, 1.16, 0.10, 0.04021, -0.08567, 0.01413, 0.99541
-0.01, 1.16, 0.10, 0.04024, -0.08566, 0.01414, 0.99541
-0.01, 1.16, 0.10, 0.04020, -0.08566, 0.01420, 0.99541
-0.01, 1.16, 0.10, 0.04011, -0.08557, 0.01419, 0.99542
-0.01, 1.16, 0.10, 0.04011, -0.08555, 0.01414, 0.99543
-0.01, 1.16, 0.10, 0.04016, -0.08557, 0.01402, 0.99542
-0.01, 1.16, 0.10, 0.04020, -0.08559, 0.01387, 0.99542
-0.01, 1.16, 0.10, 0.04030, -0.08563, 0.01378, 0.99542
-0.01, 1.16, 0.10, 0.04041, -0.08573, 0.01371, 0.99540
-0.01, 1.16, 0.10, 0.04055, -0.08588, 0.01374, 0.99538
-0.01, 1.16, 0.10, 0.04060, -0.08584, 0.01371, 0.99539
-0.01, 1.16, 0.10, 0.04054, -0.08571, 0.01354, 0.99540
-0.01, 1.16, 0.10, 0.04054, -0.08562, 0.01341, 0.99541
-0.01, 1.16, 0.10, 0.04049, -0.08546, 0.01354, 0.99543
-0.01, 1.16, 0.10, 0.04058, -0.08525, 0.01381, 0.99544
-0.01, 1.16, 0.10, 0.04057, -0.08499, 0.01432, 0.99545
-0.01, 1.16, 0.10, 0.04068, -0.08487, 0.01444, 0.99546
-0.01, 1.16, 0.10, 0.04081, -0.08455, 0.01450, 0.99548
-0.01, 1.16, 0.10, 0.04083, -0.08438, 0.01446, 0.99549
-0.01, 1.16, 0.10, 0.04087, -0.08427, 0.01443, 0.99550
-0.01, 1.16, 0.10, 0.04097, -0.08414, 0.01427, 0.99551
-0.01, 1.16, 0.10, 0.04110, -0.08414, 0.01419, 0.99550
-0.01, 1.16, 0.10, 0.04140, -0.08418, 0.01415, 0.99549
-0.01, 1.16, 0.10, 0.04157, -0.08433, 0.01406, 0.99547
-0.01, 1.16, 0.10, 0.04161, -0.08439, 0.01402, 0.99546
-0.01, 1.16, 0.10, 0.04169, -0.08461, 0.01395, 0.99544
-0.01, 1.16, 0.10, 0.04183, -0.08481, 0.01418, 0.99542
-0.01, 1.16, 0.10, 0.04185, -0.08489, 0.01421, 0.99541
-0.01, 1.16, 0.10, 0.04182, -0.08499, 0.01412, 0.99540
-0.01, 1.16, 0.10, 0.04201, -0.08503, 0.01417, 0.99539
-0.01, 1.16, 0.10, 0.04203, -0.08508, 0.01421, 0.99539
-0.01, 1.16, 0.10, 0.04215, -0.08513, 0.01433, 0.99537
-0.01, 1.16, 0.10, 0.04215, -0.08510, 0.01440, 0.99538
-0.01, 1.16, 0.10, 0.04218, -0.08504, 0.01449, 0.99538
-0.01, 1.16, 0.10, 0.04222, -0.08497, 0.01456, 0.99538
-0.01, 1.16, 0.10, 0.04229, -0.08498, 0.01466, 0.99538
-0.01, 1.16, 0.10, 0.04244, -0.08492, 0.01466, 0.99538
-0.01, 1.16, 0.10, 0.04248, -0.08489, 0.01459, 0.99538
-0.01, 1.16, 0.10, 0.04264, -0.08490, 0.01455, 0.99537
-0.01, 1.16, 0.10, 0.04278, -0.08500, 0.01449, 0.99536
-0.01, 1.16, 0.10, 0.04281, -0.08509, 0.01442, 0.99535
-0.01, 1.16, 0.10, 0.04292, -0.08519, 0.01443, 0.99534
-0.01, 1.16, 0.10, 0.04301, -0.08536, 0.01427, 0.99532
-0.01, 1.16, 0.10, 0.04312, -0.08537, 0.01434, 0.99531
-0.01, 1.16, 0.10, 0.04315, -0.08544, 0.01440, 0.99530
-0.01, 1.16, 0.10, 0.04323, -0.08556, 0.01454, 0.99529
-0.01, 1.16, 0.10, 0.04342, -0.08564, 0.01472, 0.99527
-0.01, 1.16, 0.10, 0.04349, -0.08553, 0.01472, 0.99528
-0.01, 1.16, 0.10, 0.04347, -0.08538, 0.01481, 0.99529
-0.01, 1.16, 0.10, 0.04338, -0.08520, 0.01461, 0.99531
-0.01, 1.16, 0.10, 0.04336, -0.08500, 0.01454, 0.99533
-0.01, 1.16, 0.10, 0.04339, -0.08480, 0.01455, 0.99535
-0.01, 1.16, 0.10, 0.04355, -0.08463, 0.01488, 0.99535
-0.01, 1.16, 0.10, 0.04392, -0.08448, 0.01498, 0.99534
-0.01, 1.16, 0.10, 0.04423, -0.08448, 0.01498, 0.99533
-0.01, 1.16, 0.10, 0.04455, -0.08441, 0.01486, 0.99532
-0.01, 1.16, 0.10, 0.04457, -0.08449, 0.01468, 0.99532
-0.01, 1.16, 0.10, 0.04461, -0.08470, 0.01468, 0.99530
-0.01, 1.16, 0.10, 0.04455, -0.08491, 0.01445, 0.99529
-0.01, 1.16, 0.10, 0.04445, -0.08519, 0.01443, 0.99527
-0.01, 1.16, 0.10, 0.04427, -0.08543, 0.01441, 0.99526
-0.01, 1.16, 0.10, 0.04438, -0.08561, 0.01438, 0.99524
-0.01, 1.16, 0.10, 0.04428, -0.08575, 0.01441, 0.99523
-0.01, 1.16, 0.10, 0.04420, -0.08585, 0.01454, 0.99522
-0.01, 1.16, 0.10, 0.04416, -0.08573, 0.01429, 0.99524
-0.01, 1.16, 0.10, 0.04419, -0.08585, 0.01446, 0.99522
-0.01, 1.16, 0.10, 0.04409, -0.08575, 0.01448, 0.99524
-0.01, 1.16, 0.10, 0.04400, -0.08565, 0.01460, 0.99525
-0.01, 1.16, 0.10, 0.04396, -0.08549, 0.01478, 0.99526
-0.01, 1.16, 0.10, 0.04396, -0.08534, 0.01482, 0.99527
-0.01, 1.16, 0.10, 0.04403, -0.08522, 0.01474, 0.99528
-0.01, 1.16, 0.10, 0.04424, -0.08516, 0.01463, 0.99528
-0.01, 1.16, 0.10, 0.04433, -0.08510, 0.01458, 0.99528
-0.01, 1.16, 0.10, 0.04455, -0.08520, 0.01461, 0.99526
-0.01, 1.16, 0.10, 0.04475, -0.08528, 0.01463, 0.99524
-0.01, 1.16, 0.10, 0.04498, -0.08541, 0.01452, 0.99522
-0.01, 1.16, 0.10, 0.04497, -0.08560, 0.01445, 0.99521
-0.01, 1.16, 0.10, 0.04498, -0.08566, 0.01438, 0.99521
-0.01, 1.16, 0.10, 0.04485, -0.08579, 0.01426, 0.99520
-0.01, 1.16, 0.10, 0.04476, -0.08587, 0.01420, 0.99520
-0.01, 1.16, 0.10, 0.04462, -0.08588, 0.01420, 0.99520
-0.01, 1.16, 0.10, 0.04454, -0.08580, 0.01433, 0.99521
-0.01, 1.16, 0.10, 0.04448, -0.08570, 0.01441, 0.99522
-0.01, 1.16, 0.10, 0.04450, -0.08553, 0.01448, 0.99524
-0.01, 1.16, 0.10, 0.04459, -0.08531, 0.01457, 0.99525
-0.01, 1.16, 0.10, 0.04471, -0.08500, 0.01467, 0.99527
-0.01, 1.16, 0.10, 0.04469, -0.08484, 0.01476, 0.99528
-0.01, 1.16, 0.10, 0.04476, -0.08483, 0.01489, 0.99528
-0.01, 1.16, 0.10, 0.04493, -0.08468, 0.01484, 0.99528
-0.01, 1.16, 0.10, 0.04502, -0.08474, 0.01489, 0.99527
-0.01, 1.16, 0.10, 0.04516, -0.08487, 0.01486, 0.99526
-0.01, 1.16, 0.10, 0.04519, -0.08501, 0.01472, 0.99525
-0.01, 1.16, 0.10, 0.04518, -0.08523, 0.01452, 0.99523
-0.01, 1.16, 0.10, 0.04511, -0.08556, 0.01439, 0.99521
-0.01, 1.16, 0.10, 0.04506, -0.08591, 0.01430, 0.99518
-0.01, 1.16, 0.10, 0.04504, -0.08606, 0.01428, 0.99517
-0.01, 1.16, 0.10, 0.04495, -0.08619, 0.01419, 0.99516
-0.01, 1.16, 0.10, 0.04503, -0.08623, 0.01430, 0.99516
-0.01, 1.16, 0.10, 0.04502, -0.08618, 0.01428, 0.99516
-0.01, 1.16, 0.10, 0.04503, -0.08610, 0.01435, 0.99516
-0.01, 1.16, 0.10, 0.04515, -0.08596, 0.01443, 0.99517
-0.01, 1.16, 0.10, 0.04528, -0.08581, 0.01453, 0.99518
-0.01, 1.16, 0.10, 0.04544, -0.08562, 0.01461, 0.99518
-0.01, 1.16, 0.10, 0.04574, -0.08533, 0.01484, 0.99519
-0.01, 1.16, 0.10, 0.04595, -0.08517, 0.01484, 0.99520
-0.01, 1.16, 0.10, 0.04598, -0.08501, 0.01469, 0.99521
-0.01, 1.16, 0.10, 0.04607, -0.08511, 0.01483, 0.99520
-0.01, 1.16, 0.10, 0.04619, -0.08505, 0.01482, 0.99520
-0.01, 1.16, 0.10, 0.04634, -0.08520, 0.01494, 0.99517
-0.01, 1.16, 0.10, 0.04645, -0.08551, 0.01493, 0.99514
-0.01, 1.16, 0.10, 0.04658, -0.08575, 0.01480, 0.99512
-0.01, 1.16, 0.10, 0.04670, -0.08600, 0.01451, 0.99509
-0.01, 1.16, 0.10, 0.04675, -0.08620, 0.01421, 0.99508
-0.01, 1.16, 0.10, 0.04659, -0.08635, 0.01406, 0.99508
-0.01, 1.16, 0.10, 0.04644, -0.08655, 0.01434, 0.99506
-0.01, 1.16, 0.10, 0.04626, -0.08667, 0.01459, 0.99506
-0.01, 1.16, 0.10, 0.04612, -0.08667, 0.01479, 0.99506
-0.01, 1.16, 0.10, 0.04627, -0.08653, 0.01494, 0.99506
-0.01, 1.16, 0.10, 0.04617, -0.08640, 0.01502, 0.99508
-0.01, 1.16, 0.10, 0.04607, -0.08645, 0.01510, 0.99508
-0.01, 1.16, 0.10, 0.04623, -0.08642, 0.01529, 0.99507
-0.01, 1.16, 0.10, 0.04624, -0.08629, 0.01515, 0.99508
-0.01, 1.16, 0.10, 0.04629, -0.08629, 0.01509, 0.99508
-0.01, 1.16, 0.10, 0.04623, -0.08625, 0.01502, 0.99509
-0.01, 1.16, 0.10, 0.04615, -0.08626, 0.01498, 0.99509
-0.01, 1.16, 0.10, 0.04604, -0.08618, 0.01502, 0.99510
-0.01, 1.16, 0.10, 0.04595, -0.08616, 0.01506, 0.99511
-0.01, 1.16, 0.10, 0.04592, -0.08610, 0.01505, 0.99511
-0.01, 1.16, 0.10, 0.04587, -0.08604, 0.01498, 0.99512
-0.01, 1.16, 0.10, 0.04574, -0.08600, 0.01498, 0.99513
-0.01, 1.16, 0.10, 0.04563, -0.08595, 0.01503, 0.99514
-0.01, 1.16, 0.10, 0.04551, -0.08592, 0.01508, 0.99515
-0.01, 1.16, 0.10, 0.04521, -0.08570, 0.01507, 0.99518
-0.01, 1.16, 0.10, 0.04511, -0.08563, 0.01488, 0.99519
-0.01, 1.16, 0.10, 0.04493, -0.08571, 0.01507, 0.99519
-0.01, 1.16, 0.10, 0.04485, -0.08550, 0.01516, 0.99521
-0.01, 1.16, 0.10, 0.04477, -0.08546, 0.01525, 0.99522
-0.01, 1.16, 0.10, 0.04482, -0.08543, 0.01535, 0.99522
-0.01, 1.16, 0.10, 0.04481, -0.08551, 0.01533, 0.99521
-0.01, 1.16, 0.10, 0.04491, -0.08571, 0.01531, 0.99519
-0.01, 1.16, 0.10, 0.04508, -0.08578, 0.01512, 0.99518
-0.01, 1.16, 0.10, 0.04518, -0.08597, 0.01495, 0.99516
-0.01, 1.16, 0.10, 0.04532, -0.08613, 0.01477, 0.99514
-0.01, 1.16, 0.10, 0.04526, -0.08620, 0.01477, 0.99514
-0.01, 1.16, 0.10, 0.04529, -0.08621, 0.01483, 0.99514
-0.01, 1.16, 0.10, 0.04530, -0.08611, 0.01496, 0.99514
-0.01, 1.16, 0.10, 0.04543, -0.08594, 0.01503, 0.99515
-0.01, 1.16, 0.10, 0.04543, -0.08587, 0.01510, 0.99516
-0.01, 1.16, 0.10, 0.04537, -0.08560, 0.01509, 0.99518
-0.01, 1.16, 0.10, 0.04536, -0.08546, 0.01523, 0.99519
-0.01, 1.16, 0.10, 0.04544, -0.08529, 0.01525, 0.99520
-0.01, 1.16, 0.10, 0.04551, -0.08519, 0.01532, 0.99521
-0.01, 1.16, 0.10, 0.04575, -0.08511, 0.01530, 0.99520
-0.01, 1.16, 0.10, 0.04585, -0.08520, 0.01532, 0.99519
-0.01, 1.16, 0.10, 0.04591, -0.08529, 0.01523, 0.99518
-0.01, 1.16, 0.10, 0.04596, -0.08557, 0.01513, 0.99516
-0.01, 1.16, 0.10, 0.04593, -0.08581, 0.01495, 0.99514
-0.01, 1.16, 0.10, 0.04615, -0.08610, 0.01480, 0.99511
-0.01, 1.16, 0.10, 0.04616, -0.08618, 0.01460, 0.99510
-0.01, 1.16, 0.10, 0.04619, -0.08615, 0.01463, 0.99510
-0.01, 1.16, 0.10, 0.04611, -0.08631, 0.01466, 0.99509
-0.01, 1.16, 0.10, 0.04601, -0.08625, 0.01485, 0.99510
-0.01, 1.16, 0.10, 0.04586, -0.08608, 0.01488, 0.99512
-0.01, 1.16, 0.10, 0.04577, -0.08587, 0.01494, 0.99514
-0.01, 1.16, 0.10, 0.04577, -0.08559, 0.01495, 0.99517
-0.01, 1.16, 0.10, 0.04585, -0.08513, 0.01502, 0.99520
-0.01, 1.16, 0.10, 0.04584, -0.08487, 0.01522, 0.99522
-0.01, 1.16, 0.10, 0.04580, -0.08472, 0.01531, 0.99523
-0.01, 1.16, 0.10, 0.04583, -0.08452, 0.01519, 0.99525
-0.01, 1.16, 0.10, 0.04579, -0.08447, 0.01526, 0.99526
-0.01, 1.16, 0.10, 0.04579, -0.08436, 0.01531, 0.99526
-0.01, 1.16, 0.10, 0.04588, -0.08440, 0.01535, 0.99526
-0.01, 1.16, 0.10, 0.04603, -0.08456, 0.01527, 0.99524
-0.01, 1.16, 0.10, 0.04614, -0.08468, 0.01503, 0.99523
-0.01, 1.16, 0.10, 0.04630, -0.08496, 0.01455, 0.99520
-0.01, 1.16, 0.10, 0.04611, -0.08500, 0.01432, 0.99521
-0.01, 1.16, 0.10, 0.04598, -0.08497, 0.01443, 0.99522
-0.01, 1.16, 0.10, 0.04588, -0.08501, 0.01455, 0.99522
-0.01, 1.16, 0.10, 0.04570, -0.08496, 0.01484, 0.99523
-0.01, 1.16, 0.10, 0.04563, -0.08493, 0.01504, 0.99523
-0.01, 1.16, 0.10, 0.04542, -0.08478, 0.01519, 0.99525
-0.01, 1.16, 0.10, 0.04544, -0.08461, 0.01529, 0.99526
-0.01, 1.16, 0.10, 0.04531, -0.08453, 0.01530, 0.99527
-0.01, 1.16, 0.10, 0.04517, -0.08443, 0.01548, 0.99528
-0.01, 1.16, 0.10, 0.04507, -0.08449, 0.01551, 0.99528
-0.01, 1.16, 0.10, 0.04492, -0.08445, 0.01553, 0.99529
-0.01, 1.16, 0.10, 0.04481, -0.08455, 0.01554, 0.99529
-0.01, 1.16, 0.10, 0.04475, -0.08464, 0.01555, 0.99529
-0.01, 1.16, 0.10, 0.04467, -0.08480, 0.01553, 0.99527
-0.01, 1.16, 0.10, 0.04464, -0.08514, 0.01540, 0.99525
-0.01, 1.16, 0.10, 0.04448, -0.08532, 0.01534, 0.99524
-0.01, 1.16, 0.10, 0.04437, -0.08542, 0.01516, 0.99524
-0.01, 1.16, 0.10, 0.04419, -0.08579, 0.01521, 0.99522
-0.01, 1.16, 0.10, 0.04387, -0.08577, 0.01525, 0.99523
-0.01, 1.16, 0.10, 0.04354, -0.08582, 0.01536, 0.99524
-0.01, 1.16, 0.10, 0.04330, -0.08584, 0.01519, 0.99525
-0.01, 1.16, 0.10, 0.04326, -0.08572, 0.01526, 0.99526
-0.01, 1.16, 0.10, 0.04310, -0.08555, 0.01551, 0.99528
-0.01, 1.16, 0.10, 0.04307, -0.08533, 0.01575, 0.99530
-0.01, 1.16, 0.10, 0.04310, -0.08510, 0.01606, 0.99531
-0.01, 1.16, 0.10, 0.04301, -0.08495, 0.01611, 0.99533
-0.01, 1.16, 0.10, 0.04284, -0.08479, 0.01618, 0.99535
-0.01, 1.16, 0.10, 0.04262, -0.08469, 0.01610, 0.99537
-0.01, 1.16, 0.10, 0.04273, -0.08449, 0.01599, 0.99538
-0.01, 1.16, 0.10, 0.04265, -0.08449, 0.01608, 0.99538
-0.01, 1.16, 0.10, 0.04251, -0.08467, 0.01591, 0.99537
-0.01, 1.16, 0.10, 0.04245, -0.08478, 0.01585, 0.99537
-0.01, 1.16, 0.10, 0.04234, -0.08494, 0.01563, 0.99536
-0.01, 1.16, 0.10, 0.04229, -0.08526, 0.01545, 0.99534
-0.01, 1.16, 0.10, 0.04209, -0.08542, 0.01529, 0.99534
-0.01, 1.16, 0.10, 0.04180, -0.08570, 0.01533, 0.99533
-0.01, 1.16, 0.10, 0.04159, -0.08583, 0.01539, 0.99532
-0.01, 1.16, 0.10, 0.04150, -0.08565, 0.01556, 0.99534
-0.01, 1.16, 0.10, 0.04128, -0.08572, 0.01566, 0.99534
-0.01, 1.16, 0.10, 0.04106, -0.08560, 0.01587, 0.99536
-0.01, 1.16, 0.10, 0.04088, -0.08547, 0.01598, 0.99537
-0.01, 1.16, 0.10, 0.04086, -0.08541, 0.01606, 0.99538
-0.01, 1.16, 0.10, 0.04025, -0.08524, 0.01595, 0.99542
-0.01, 1.16, 0.10, 0.04086, -0.08541, 0.01632, 0.99537
-0.01, 1.16, 0.10, 0.04073, -0.08520, 0.01627, 0.99540
-0.01, 1.16, 0.10, 0.04057, -0.08519, 0.01622, 0.99541
-0.01, 1.16, 0.10, 0.04051, -0.08534, 0.01625, 0.99540
-0.01, 1.16, 0.10, 0.04044, -0.08533, 0.01615, 0.99540
-0.01, 1.16, 0.10, 0.04025, -0.08552, 0.01598, 0.99540
-0.01, 1.16, 0.10, 0.04005, -0.08556, 0.01561, 0.99540
-0.01, 1.16, 0.10, 0.04005, -0.08564, 0.01569, 0.99540
-0.01, 1.16, 0.10, 0.03981, -0.08574, 0.01567, 0.99540
-0.01, 1.16, 0.10, 0.03972, -0.08558, 0.01567, 0.99542
-0.01, 1.16, 0.10, 0.03961, -0.08562, 0.01576, 0.99542
-0.01, 1.16, 0.10, 0.03942, -0.08548, 0.01587, 0.99543
-0.01, 1.16, 0.10, 0.03913, -0.08530, 0.01595, 0.99546
-0.01, 1.16, 0.10, 0.03875, -0.08509, 0.01608, 0.99549
-0.01, 1.16, 0.10, 0.03876, -0.08505, 0.01614, 0.99549
-0.01, 1.16, 0.10, 0.03877, -0.08493, 0.01610, 0.99550
-0.01, 1.16, 0.10, 0.03883, -0.08467, 0.01598, 0.99552
-0.01, 1.16, 0.10, 0.03907, -0.08471, 0.01602, 0.99551
-0.01, 1.16, 0.10, 0.03893, -0.08457, 0.01575, 0.99553
-0.01, 1.16, 0.10, 0.03901, -0.08463, 0.01583, 0.99552
-0.01, 1.16, 0.10, 0.03913, -0.08476, 0.01589, 0.99551
-0.01, 1.16, 0.10, 0.03935, -0.08493, 0.01614, 0.99548
-0.01, 1.16, 0.10, 0.03925, -0.08534, 0.01644, 0.99544
-0.01, 1.16, 0.10, 0.03945, -0.08581, 0.01651, 0.99539
-0.01, 1.16, 0.10, 0.03940, -0.08616, 0.01608, 0.99537
-0.01, 1.16, 0.10, 0.03921, -0.08668, 0.01603, 0.99534
-0.01, 1.16, 0.10, 0.03894, -0.08675, 0.01578, 0.99534
-0.01, 1.16, 0.10, 0.03874, -0.08688, 0.01618, 0.99533
-0.01, 1.16, 0.10, 0.03845, -0.08689, 0.01656, 0.99534
-0.01, 1.16, 0.10, 0.03810, -0.08679, 0.01686, 0.99536
-0.01, 1.16, 0.10, 0.03782, -0.08647, 0.01685, 0.99539
-0.01, 1.16, 0.10, 0.03809, -0.08646, 0.01702, 0.99538
-0.01, 1.16, 0.10, 0.03791, -0.08622, 0.01686, 0.99541
-0.01, 1.16, 0.10, 0.03816, -0.08579, 0.01706, 0.99544
-0.01, 1.16, 0.10, 0.03795, -0.08552, 0.01730, 0.99546
-0.01, 1.16, 0.10, 0.03763, -0.08514, 0.01757, 0.99550
-0.01, 1.16, 0.10, 0.03763, -0.08513, 0.01774, 0.99550
-0.01, 1.16, 0.10, 0.03753, -0.08505, 0.01764, 0.99551
-0.01, 1.16, 0.10, 0.03744, -0.08522, 0.01732, 0.99551
-0.01, 1.16, 0.10, 0.03742, -0.08515, 0.01724, 0.99552
-0.01, 1.16, 0.10, 0.03758, -0.08538, 0.01710, 0.99549
-0.01, 1.16, 0.10, 0.03759, -0.08561, 0.01707, 0.99547
-0.01, 1.16, 0.10, 0.03768, -0.08574, 0.01715, 0.99546
-0.01, 1.16, 0.10, 0.03756, -0.08587, 0.01710, 0.99545
-0.01, 1.16, 0.10, 0.03740, -0.08592, 0.01708, 0.99545
-0.01, 1.16, 0.10, 0.03723, -0.08585, 0.01692, 0.99547
-0.01, 1.16, 0.10, 0.03702, -0.08562, 0.01677, 0.99550
-0.01, 1.17, 0.10, 0.03668, -0.08550, 0.01705, 0.99552
-0.01, 1.17, 0.10, 0.03639, -0.08537, 0.01717, 0.99554
-0.01, 1.17, 0.10, 0.03615, -0.08530, 0.01720, 0.99555
-0.01, 1.17, 0.10, 0.03591, -0.08525, 0.01749, 0.99556
-0.01, 1.17, 0.10, 0.03577, -0.08527, 0.01755, 0.99556
-0.01, 1.17, 0.10, 0.03583, -0.08525, 0.01760, 0.99556
-0.01, 1.17, 0.10, 0.03597, -0.08540, 0.01728, 0.99555
-0.01, 1.16, 0.10, 0.03665, -0.08557, 0.01660, 0.99552
-0.01, 1.16, 0.10, 0.03708, -0.08583, 0.01633, 0.99549
-0.01, 1.16, 0.10, 0.03723, -0.08599, 0.01624, 0.99547
-0.01, 1.16, 0.10, 0.03741, -0.08627, 0.01629, 0.99544
-0.01, 1.16, 0.10, 0.03754, -0.08643, 0.01662, 0.99541
-0.01, 1.16, 0.10, 0.03747, -0.08654, 0.01676, 0.99540
-0.01, 1.16, 0.10, 0.03752, -0.08657, 0.01668, 0.99540
-0.01, 1.16, 0.10, 0.03767, -0.08662, 0.01651, 0.99539
-0.01, 1.16, 0.10, 0.03779, -0.08660, 0.01640, 0.99539
-0.01, 1.16, 0.10, 0.03794, -0.08649, 0.01626, 0.99540
-0.01, 1.16, 0.10, 0.03804, -0.08649, 0.01625, 0.99539
-0.01, 1.16, 0.10, 0.03847, -0.08632, 0.01637, 0.99539
-0.01, 1.16, 0.10, 0.03867, -0.08648, 0.01656, 0.99537
-0.01, 1.16, 0.10, 0.03889, -0.08659, 0.01654, 0.99535
-0.01, 1.16, 0.10, 0.03932, -0.08674, 0.01619, 0.99532
-0.01, 1.16, 0.10, 0.03985, -0.08688, 0.01603, 0.99529
-0.01, 1.16, 0.10, 0.04009, -0.08708, 0.01561, 0.99527
-0.01, 1.16, 0.10, 0.04055, -0.08731, 0.01540, 0.99524
-0.01, 1.16, 0.10, 0.04050, -0.08753, 0.01530, 0.99522
-0.01, 1.16, 0.10, 0.04074, -0.08776, 0.01504, 0.99519
-0.01, 1.16, 0.10, 0.04107, -0.08825, 0.01458, 0.99514
-0.01, 1.16, 0.10, 0.04152, -0.08863, 0.01432, 0.99510
-0.01, 1.16, 0.10, 0.04168, -0.08863, 0.01391, 0.99509
-0.01, 1.16, 0.10, 0.04186, -0.08866, 0.01367, 0.99509
-0.01, 1.16, 0.10, 0.04220, -0.08857, 0.01344, 0.99508
-0.01, 1.16, 0.10, 0.04249, -0.08816, 0.01350, 0.99511
-0.01, 1.16, 0.10, 0.04238, -0.08783, 0.01346, 0.99514
-0.01, 1.16, 0.10, 0.04250, -0.08765, 0.01355, 0.99515
-0.01, 1.16, 0.10, 0.04263, -0.08733, 0.01362, 0.99517
-0.01, 1.16, 0.10, 0.04260, -0.08703, 0.01374, 0.99520
-0.01, 1.16, 0.10, 0.04260, -0.08681, 0.01375, 0.99522
-0.01, 1.16, 0.10, 0.04238, -0.08671, 0.01414, 0.99523
-0.01, 1.16, 0.10, 0.04262, -0.08682, 0.01431, 0.99521
-0.01, 1.16, 0.10, 0.04241, -0.08677, 0.01461, 0.99522
-0.01, 1.16, 0.10, 0.04189, -0.08697, 0.01474, 0.99522
-0.01, 1.16, 0.10, 0.04157, -0.08700, 0.01417, 0.99524
-0.01, 1.16, 0.10, 0.04150, -0.08706, 0.01425, 0.99524
-0.01, 1.16, 0.10, 0.04091, -0.08688, 0.01442, 0.99527
-0.01, 1.16, 0.10, 0.04052, -0.08671, 0.01466, 0.99530
-0.01, 1.16, 0.10, 0.04023, -0.08639, 0.01476, 0.99534
-0.01, 1.16, 0.10, 0.03975, -0.08599, 0.01557, 0.99538
-0.01, 1.16, 0.10, 0.03887, -0.08551, 0.01602, 0.99545
-0.01, 1.16, 0.10, 0.03841, -0.08476, 0.01585, 0.99553
-0.01, 1.16, 0.10, 0.03842, -0.08417, 0.01555, 0.99559
-0.01, 1.16, 0.10, 0.03828, -0.08385, 0.01548, 0.99562
-0.01, 1.16, 0.10, 0.03808, -0.08354, 0.01562, 0.99565
-0.01, 1.16, 0.10, 0.03807, -0.08325, 0.01615, 0.99567
-0.01, 1.16, 0.10, 0.03791, -0.08325, 0.01662, 0.99567
-0.01, 1.16, 0.10, 0.03808, -0.08311, 0.01664, 0.99567
-0.01, 1.16, 0.10, 0.03813, -0.08289, 0.01639, 0.99569
-0.01, 1.16, 0.10, 0.03843, -0.08289, 0.01602, 0.99569
-0.01, 1.16, 0.10, 0.03890, -0.08308, 0.01596, 0.99566
-0.01, 1.16, 0.10, 0.03875, -0.08314, 0.01585, 0.99566
-0.01, 1.16, 0.10, 0.03905, -0.08342, 0.01613, 0.99562
-0.01, 1.16, 0.10, 0.03903, -0.08353, 0.01602, 0.99561
-0.01, 1.16, 0.10, 0.03885, -0.08383, 0.01619, 0.99559
-0.01, 1.16, 0.10, 0.03905, -0.08391, 0.01606, 0.99558
-0.01, 1.16, 0.10, 0.03919, -0.08408, 0.01605, 0.99556
-0.01, 1.16, 0.10, 0.03927, -0.08414, 0.01611, 0.99555
-0.01, 1.16, 0.10, 0.03939, -0.08429, 0.01619, 0.99553
-0.01, 1.16, 0.10, 0.03972, -0.08453, 0.01622, 0.99550
-0.01, 1.16, 0.10, 0.03997, -0.08463, 0.01600, 0.99548
-0.01, 1.16, 0.10, 0.04027, -0.08480, 0.01592, 0.99546
-0.01, 1.16, 0.10, 0.04059, -0.08487, 0.01588, 0.99544
-0.01, 1.16, 0.10, 0.04080, -0.08485, 0.01561, 0.99544
-0.01, 1.16, 0.10, 0.04127, -0.08505, 0.01571, 0.99540
-0.01, 1.16, 0.10, 0.04156, -0.08489, 0.01553, 0.99540
-0.01, 1.16, 0.10, 0.04197, -0.08485, 0.01549, 0.99539
-0.01, 1.16, 0.10, 0.04224, -0.08473, 0.01556, 0.99539
-0.01, 1.16, 0.10, 0.04242, -0.08448, 0.01563, 0.99540
-0.01, 1.16, 0.10, 0.04240, -0.08434, 0.01566, 0.99541
-0.01, 1.16, 0.10, 0.04252, -0.08399, 0.01586, 0.99543
-0.01, 1.16, 0.10, 0.04233, -0.08370, 0.01581, 0.99547
-0.01, 1.16, 0.10, 0.04230, -0.08344, 0.01582, 0.99549
-0.01, 1.16, 0.10, 0.04227, -0.08316, 0.01589, 0.99551
-0.01, 1.16, 0.10, 0.04214, -0.08309, 0.01588, 0.99552
-0.01, 1.16, 0.10, 0.04197, -0.08286, 0.01595, 0.99555
-0.01, 1.16, 0.10, 0.04213, -0.08292, 0.01596, 0.99554
-0.01, 1.16, 0.10, 0.04203, -0.08300, 0.01595, 0.99554
-0.01, 1.16, 0.10, 0.04212, -0.08306, 0.01595, 0.99553
-0.01, 1.16, 0.10, 0.04216, -0.08322, 0.01584, 0.99551
-0.01, 1.16, 0.10, 0.04227, -0.08333, 0.01555, 0.99550
-0.01, 1.16, 0.10, 0.04224, -0.08333, 0.01542, 0.99551
-0.01, 1.16, 0.10, 0.04219, -0.08340, 0.01549, 0.99550
-0.01, 1.16, 0.10, 0.04214, -0.08332, 0.01570, 0.99551
-0.01, 1.16, 0.10, 0.04202, -0.08320, 0.01592, 0.99552
-0.01, 1.16, 0.10, 0.04195, -0.08302, 0.01604, 0.99554
-0.01, 1.16, 0.10, 0.04178, -0.08291, 0.01620, 0.99555
-0.01, 1.16, 0.10, 0.04174, -0.08286, 0.01618, 0.99556
-0.01, 1.16, 0.10, 0.04177, -0.08288, 0.01612, 0.99555
-0.01, 1.16, 0.10, 0.04180, -0.08297, 0.01598, 0.99555
-0.01, 1.16, 0.10, 0.04187, -0.08301, 0.01586, 0.99554
-0.01, 1.16, 0.10, 0.04202, -0.08309, 0.01585, 0.99553
-0.01, 1.16, 0.10, 0.04218, -0.08322, 0.01582, 0.99551
-0.01, 1.16, 0.10, 0.04225, -0.08336, 0.01575, 0.99550
-0.01, 1.16, 0.10, 0.04231, -0.08354, 0.01566, 0.99548
-0.01, 1.16, 0.10, 0.04251, -0.08360, 0.01568, 0.99547
-0.01, 1.16, 0.10, 0.04285, -0.08360, 0.01564, 0.99545
-0.01, 1.16, 0.10, 0.04305, -0.08365, 0.01572, 0.99544
-0.01, 1.16, 0.10, 0.04324, -0.08354, 0.01585, 0.99544
-0.01, 1.16, 0.10, 0.04348, -0.08332, 0.01586, 0.99545
-0.01, 1.16, 0.10, 0.04350, -0.08310, 0.01577, 0.99547
-0.01, 1.16, 0.10, 0.04354, -0.08300, 0.01584, 0.99547
-0.01, 1.16, 0.10, 0.04349, -0.08280, 0.01624, 0.99548
-0.01, 1.16, 0.10, 0.04370, -0.08269, 0.01633, 0.99548
-0.01, 1.16, 0.10, 0.04382, -0.08254, 0.01645, 0.99549
-0.01, 1.16, 0.10, 0.04396, -0.08244, 0.01645, 0.99549
-0.01, 1.16, 0.10, 0.04400, -0.08250, 0.01648, 0.99548
-0.01, 1.16, 0.10, 0.04400, -0.08257, 0.01635, 0.99548
-0.01, 1.16, 0.10, 0.04388, -0.08274, 0.01625, 0.99547
-0.01, 1.16, 0.10, 0.04378, -0.08290, 0.01609, 0.99547
-0.01, 1.16, 0.10, 0.04346, -0.08315, 0.01607, 0.99546
-0.01, 1.16, 0.10, 0.04352, -0.08342, 0.01598, 0.99544
-0.01, 1.16, 0.10, 0.04359, -0.08353, 0.01605, 0.99542
-0.01, 1.16, 0.10, 0.04367, -0.08365, 0.01601, 0.99541
-0.01, 1.16, 0.10, 0.04353, -0.08369, 0.01607, 0.99541
-0.01, 1.16, 0.10, 0.04340, -0.08359, 0.01628, 0.99542
-0.01, 1.16, 0.10, 0.04340, -0.08353, 0.01646, 0.99542
-0.01, 1.16, 0.10, 0.04324, -0.08341, 0.01683, 0.99543
-0.01, 1.16, 0.10, 0.04321, -0.08337, 0.01677, 0.99544
-0.01, 1.16, 0.10, 0.04319, -0.08327, 0.01669, 0.99545
-0.01, 1.16, 0.10, 0.04310, -0.08323, 0.01669, 0.99546
-0.01, 1.16, 0.10, 0.04300, -0.08331, 0.01666, 0.99546
-0.01, 1.16, 0.10, 0.04284, -0.08331, 0.01671, 0.99546
-0.01, 1.16, 0.10, 0.04276, -0.08336, 0.01672, 0.99546
-0.01, 1.16, 0.10, 0.04281, -0.08345, 0.01672, 0.99545
-0.01, 1.16, 0.10, 0.04283, -0.08348, 0.01667, 0.99545
-0.01, 1.16, 0.10, 0.04284, -0.08351, 0.01664, 0.99545
-0.01, 1.16, 0.10, 0.04284, -0.08352, 0.01657, 0.99545
-0.01, 1.16, 0.10, 0.04262, -0.08354, 0.01664, 0.99545
-0.01, 1.16, 0.10, 0.04234, -0.08345, 0.01666, 0.99547
-0.01, 1.16, 0.10, 0.04228, -0.08333, 0.01674, 0.99548
-0.01, 1.16, 0.10, 0.04224, -0.08323, 0.01666, 0.99550
-0.01, 1.16, 0.10, 0.04212, -0.08312, 0.01685, 0.99551
-0.01, 1.16, 0.10, 0.04216, -0.08301, 0.01699, 0.99551
-0.01, 1.16, 0.10, 0.04222, -0.08295, 0.01711, 0.99551
-0.01, 1.16, 0.10, 0.04240, -0.08301, 0.01722, 0.99550
-0.01, 1.16, 0.10, 0.04271, -0.08311, 0.01714, 0.99548
-0.01, 1.16, 0.10, 0.04316, -0.08324, 0.01666, 0.99546
-0.01, 1.16, 0.10, 0.04350, -0.08335, 0.01652, 0.99543
-0.01, 1.16, 0.10, 0.04359, -0.08346, 0.01655, 0.99542
-0.01, 1.16, 0.10, 0.04370, -0.08349, 0.01684, 0.99541
-0.01, 1.16, 0.10, 0.04364, -0.08361, 0.01705, 0.99540
-0.01, 1.16, 0.10, 0.04363, -0.08369, 0.01723, 0.99539
-0.01, 1.16, 0.10, 0.04341, -0.08393, 0.01749, 0.99537
-0.01, 1.16, 0.10, 0.04330, -0.08389, 0.01745, 0.99538
-0.01, 1.16, 0.10, 0.04302, -0.08397, 0.01745, 0.99539
-0.01, 1.16, 0.10, 0.04296, -0.08395, 0.01735, 0.99539
-0.01, 1.16, 0.10, 0.04273, -0.08394, 0.01728, 0.99540
-0.01, 1.16, 0.10, 0.04267, -0.08380, 0.01723, 0.99542
-0.01, 1.16, 0.10, 0.04254, -0.08376, 0.01735, 0.99543
-0.01, 1.16, 0.10, 0.04241, -0.08360, 0.01753, 0.99544
-0.01, 1.16, 0.10, 0.04239, -0.08357, 0.01744, 0.99545
-0.01, 1.16, 0.10, 0.04236, -0.08353, 0.01758, 0.99545
-0.01, 1.16, 0.10, 0.04239, -0.08349, 0.01762, 0.99545
-0.01, 1.16, 0.10, 0.04238, -0.08351, 0.01747, 0.99545
-0.01, 1.16, 0.10, 0.04226, -0.08352, 0.01730, 0.99546
-0.01, 1.16, 0.10, 0.04208, -0.08348, 0.01723, 0.99547
-0.01, 1.16, 0.10, 0.04175, -0.08346, 0.01729, 0.99549
-0.01, 1.16, 0.10, 0.04160, -0.08327, 0.01729, 0.99551
-0.01, 1.16, 0.10, 0.04129, -0.08313, 0.01750, 0.99553
-0.01, 1.16, 0.10, 0.04115, -0.08300, 0.01769, 0.99554
-0.01, 1.16, 0.10, 0.04098, -0.08272, 0.01787, 0.99557
-0.01, 1.16, 0.10, 0.04103, -0.08262, 0.01795, 0.99557
-0.01, 1.16, 0.10, 0.04095, -0.08274, 0.01789, 0.99557
-0.01, 1.16, 0.10, 0.04087, -0.08258, 0.01788, 0.99559
-0.01, 1.16, 0.10, 0.04079, -0.08250, 0.01787, 0.99560
-0.01, 1.16, 0.10, 0.04055, -0.08248, 0.01775, 0.99561
-0.01, 1.16, 0.10, 0.04032, -0.08251, 0.01780, 0.99562
-0.01, 1.16, 0.10, 0.04018, -0.08259, 0.01790, 0.99561
-0.01, 1.16, 0.10, 0.04019, -0.08276, 0.01794, 0.99560
-0.01, 1.16, 0.10, 0.04012, -0.08291, 0.01791, 0.99559
-0.01, 1.16, 0.10, 0.04000, -0.08310, 0.01781, 0.99558
-0.01, 1.16, 0.10, 0.03978, -0.08330, 0.01787, 0.99557
-0.01, 1.16, 0.10, 0.03935, -0.08354, 0.01781, 0.99557
-0.01, 1.16, 0.10, 0.03900, -0.08370, 0.01801, 0.99557
-0.01, 1.16, 0.10, 0.03859, -0.08376, 0.01786, 0.99558
-0.01, 1.16, 0.10, 0.03825, -0.08386, 0.01783, 0.99558
-0.01, 1.16, 0.10, 0.03788, -0.08391, 0.01810, 0.99559
-0.01, 1.16, 0.10, 0.03763, -0.08382, 0.01812, 0.99561
-0.01, 1.16, 0.10, 0.03730, -0.08371, 0.01832, 0.99562
-0.01, 1.16, 0.10, 0.03689, -0.08346, 0.01861, 0.99565
-0.01, 1.17, 0.10, 0.03672, -0.08324, 0.01867, 0.99568
-0.01, 1.17, 0.10, 0.03646, -0.08293, 0.01883, 0.99571
-0.01, 1.17, 0.10, 0.03626, -0.08264, 0.01885, 0.99574
-0.01, 1.17, 0.10, 0.03612, -0.08257, 0.01891, 0.99575
-0.01, 1.17, 0.10, 0.03584, -0.08228, 0.01887, 0.99579
-0.01, 1.17, 0.10, 0.03564, -0.08235, 0.01898, 0.99578
-0.01, 1.17, 0.10, 0.03539, -0.08233, 0.01899, 0.99580
-0.01, 1.17, 0.10, 0.03501, -0.08234, 0.01894, 0.99581
-0.01, 1.17, 0.10, 0.03463, -0.08246, 0.01868, 0.99582
-0.01, 1.17, 0.10, 0.03456, -0.08263, 0.01856, 0.99581
-0.01, 1.17, 0.10, 0.03423, -0.08280, 0.01847, 0.99581
-0.01, 1.17, 0.10, 0.03385, -0.08320, 0.01847, 0.99579
-0.01, 1.17, 0.10, 0.03366, -0.08340, 0.01840, 0.99578
-0.01, 1.17, 0.10, 0.03360, -0.08354, 0.01857, 0.99576
-0.01, 1.17, 0.10, 0.03321, -0.08354, 0.01849, 0.99578
-0.01, 1.17, 0.10, 0.03320, -0.08356, 0.01833, 0.99578
-0.01, 1.17, 0.10, 0.03302, -0.08352, 0.01843, 0.99579
-0.01, 1.17, 0.10, 0.03284, -0.08339, 0.01869, 0.99580
-0.01, 1.17, 0.10, 0.03253, -0.08320, 0.01895, 0.99582
-0.01, 1.17, 0.10, 0.03271, -0.08303, 0.01916, 0.99583
-0.01, 1.17, 0.10, 0.03296, -0.08284, 0.01928, 0.99583
-0.01, 1.17, 0.10, 0.03307, -0.08279, 0.01915, 0.99583
-0.01, 1.17, 0.10, 0.03311, -0.08256, 0.01909, 0.99585
-0.01, 1.17, 0.10, 0.03321, -0.08257, 0.01925, 0.99585
-0.01, 1.17, 0.10, 0.03329, -0.08257, 0.01913, 0.99585
-0.01, 1.17, 0.10, 0.03328, -0.08267, 0.01911, 0.99584
-0.01, 1.17, 0.10, 0.03339, -0.08291, 0.01911, 0.99581
-0.01, 1.17, 0.10, 0.03356, -0.08315, 0.01917, 0.99579
-0.01, 1.17, 0.10, 0.03374, -0.08376, 0.01928, 0.99573
-0.01, 1.17, 0.10, 0.03407, -0.08416, 0.01930, 0.99568
-0.01, 1.17, 0.10, 0.03420, -0.08464, 0.01951, 0.99563
-0.01, 1.17, 0.10, 0.03405, -0.08506, 0.01963, 0.99560
-0.01, 1.17, 0.10, 0.03376, -0.08553, 0.02005, 0.99556
-0.01, 1.17, 0.10, 0.03356, -0.08593, 0.02047, 0.99553
-0.01, 1.17, 0.10, 0.03329, -0.08606, 0.02075, 0.99552
-0.01, 1.17, 0.10, 0.03320, -0.08624, 0.02070, 0.99551
-0.01, 1.17, 0.10, 0.03338, -0.08628, 0.02077, 0.99550
-0.01, 1.17, 0.10, 0.03349, -0.08644, 0.02095, 0.99547
-0.01, 1.17, 0.10, 0.03363, -0.08649, 0.02099, 0.99546
-0.01, 1.17, 0.10, 0.03385, -0.08638, 0.02110, 0.99546
-0.01, 1.17, 0.10, 0.03416, -0.08633, 0.02123, 0.99545
-0.01, 1.17, 0.10, 0.03448, -0.08626, 0.02126, 0.99545
-0.01, 1.17, 0.10, 0.03472, -0.08613, 0.02132, 0.99545
-0.01, 1.17, 0.09, 0.03516, -0.08629, 0.02131, 0.99542
-0.01, 1.17, 0.10, 0.03520, -0.08624, 0.02152, 0.99542
-0.01, 1.17, 0.10, 0.03523, -0.08642, 0.02144, 0.99541
-0.01, 1.17, 0.10, 0.03544, -0.08640, 0.02147, 0.99540
-0.01, 1.16, 0.10, 0.03561, -0.08658, 0.02142, 0.99538
-0.01, 1.16, 0.10, 0.03557, -0.08665, 0.02138, 0.99537
-0.01, 1.17, 0.10, 0.03555, -0.08680, 0.02137, 0.99536
-0.01, 1.17, 0.10, 0.03538, -0.08673, 0.02132, 0.99538
-0.01, 1.17, 0.10, 0.03528, -0.08672, 0.02140, 0.99538
-0.01, 1.17, 0.10, 0.03529, -0.08656, 0.02157, 0.99539
-0.01, 1.17, 0.10, 0.03543, -0.08644, 0.02179, 0.99539
-0.01, 1.17, 0.10, 0.03568, -0.08616, 0.02215, 0.99540
-0.01, 1.17, 0.10, 0.03595, -0.08601, 0.02230, 0.99540
-0.01, 1.17, 0.10, 0.03595, -0.08586, 0.02239, 0.99541
-0.01, 1.17, 0.10, 0.03606, -0.08571, 0.02239, 0.99542
-0.01, 1.17, 0.10, 0.03614, -0.08562, 0.02239, 0.99542
-0.01, 1.17, 0.10, 0.03628, -0.08555, 0.02227, 0.99542
-0.01, 1.17, 0.10, 0.03665, -0.08551, 0.02227, 0.99541
-0.01, 1.17, 0.10, 0.03698, -0.08555, 0.02231, 0.99540
-0.01, 1.16, 0.10, 0.03718, -0.08564, 0.02221, 0.99538
-0.01, 1.16, 0.10, 0.03725, -0.08605, 0.02230, 0.99534
-0.01, 1.16, 0.10, 0.03752, -0.08624, 0.02216, 0.99532
-0.01, 1.16, 0.10, 0.03741, -0.08652, 0.02209, 0.99530
-0.01, 1.16, 0.10, 0.03749, -0.08679, 0.02210, 0.99528
-0.01, 1.16, 0.10, 0.03739, -0.08712, 0.02210, 0.99525
-0.01, 1.16, 0.10, 0.03748, -0.08733, 0.02213, 0.99523
-0.01, 1.16, 0.10, 0.03767, -0.08732, 0.02221, 0.99522
-0.01, 1.16, 0.10, 0.03755, -0.08738, 0.02209, 0.99522
-0.01, 1.16, 0.10, 0.03756, -0.08735, 0.02214, 0.99522
-0.01, 1.16, 0.10, 0.03763, -0.08714, 0.02207, 0.99524
-0.01, 1.16, 0.10, 0.03775, -0.08693, 0.02210, 0.99525
-0.01, 1.16, 0.10, 0.03783, -0.08658, 0.02232, 0.99528
-0.01, 1.16, 0.10, 0.03793, -0.08626, 0.02265, 0.99529
-0.01, 1.16, 0.10, 0.03813, -0.08596, 0.02287, 0.99531
-0.01, 1.16, 0.10, 0.03824, -0.08559, 0.02303, 0.99533
-0.01, 1.16, 0.10, 0.03855, -0.08543, 0.02294, 0.99533
-0.01, 1.16, 0.10, 0.03856, -0.08504, 0.02248, 0.99538
-0.01, 1.16, 0.10, 0.03824, -0.08495, 0.02210, 0.99541
-0.01, 1.16, 0.10, 0.03773, -0.08492, 0.02204, 0.99543
-0.01, 1.16, 0.10, 0.03684, -0.08477, 0.02219, 0.99547
-0.01, 1.16, 0.10, 0.03642, -0.08450, 0.02244, 0.99551
-0.01, 1.17, 0.10, 0.03581, -0.08401, 0.02269, 0.99556
-0.01, 1.17, 0.10, 0.03472, -0.08312, 0.02305, 0.99567
-0.01, 1.17, 0.10, 0.03356, -0.08190, 0.02336, 0.99580
-0.01, 1.17, 0.10, 0.03180, -0.08023, 0.02394, 0.99598
-0.01, 1.17, 0.10, 0.03009, -0.07824, 0.02434, 0.99618
-0.01, 1.17, 0.10, 0.02763, -0.07612, 0.02491, 0.99640
-0.01, 1.17, 0.10, 0.02484, -0.07349, 0.02593, 0.99665
-0.01, 1.17, 0.10, 0.02114, -0.07021, 0.02716, 0.99694
-0.01, 1.17, 0.10, 0.01757, -0.06650, 0.02841, 0.99723
-0.01, 1.17, 0.10, 0.01385, -0.06267, 0.02935, 0.99751
-0.01, 1.17, 0.10, 0.00993, -0.05840, 0.03009, 0.99779
-0.01, 1.17, 0.10, 0.00699, -0.05423, 0.03041, 0.99804
-0.01, 1.17, 0.10, 0.00451, -0.05047, 0.03105, 0.99823
-0.01, 1.17, 0.10, 0.00254, -0.04630, 0.03151, 0.99843
-0.01, 1.17, 0.10, 0.00115, -0.04227, 0.03207, 0.99859
-0.01, 1.17, 0.10, 0.00012, -0.03822, 0.03255, 0.99874
-0.01, 1.17, 0.10, -0.00021, -0.03414, 0.03306, 0.99887
-0.01, 1.17, 0.10, -0.00094, -0.03030, 0.03334, 0.99898
-0.01, 1.17, 0.10, -0.00117, -0.02701, 0.03371, 0.99907
-0.01, 1.17, 0.10, -0.00060, -0.02409, 0.03412, 0.99913
-0.01, 1.17, 0.10, 0.00041, -0.02113, 0.03425, 0.99919
-0.01, 1.17, 0.10, 0.00099, -0.01882, 0.03399, 0.99924
-0.01, 1.17, 0.10, 0.00155, -0.01696, 0.03350, 0.99929
-0.01, 1.17, 0.09, 0.00216, -0.01556, 0.03300, 0.99933
-0.01, 1.17, 0.09, 0.00235, -0.01437, 0.03251, 0.99937
-0.01, 1.17, 0.09, 0.00245, -0.01395, 0.03204, 0.99939
-0.01, 1.17, 0.10, 0.00278, -0.01371, 0.03183, 0.99940
-0.01, 1.17, 0.10, 0.00290, -0.01398, 0.03159, 0.99940
-0.01, 1.17, 0.09, 0.00282, -0.01454, 0.03165, 0.99939
-0.01, 1.17, 0.09, 0.00295, -0.01539, 0.03138, 0.99938
-0.01, 1.17, 0.09, 0.00296, -0.01640, 0.03104, 0.99938
-0.01, 1.17, 0.09, 0.00317, -0.01792, 0.03078, 0.99936
-0.01, 1.17, 0.09, 0.00324, -0.01955, 0.03076, 0.99933
-0.01, 1.17, 0.09, 0.00313, -0.02128, 0.03068, 0.99930
-0.01, 1.17, 0.09, 0.00312, -0.02296, 0.03087, 0.99925
-0.01, 1.17, 0.09, 0.00348, -0.02460, 0.03089, 0.99921
-0.01, 1.17, 0.09, 0.00363, -0.02608, 0.03077, 0.99918
-0.01, 1.17, 0.09, 0.00409, -0.02766, 0.03069, 0.99914
-0.01, 1.17, 0.09, 0.00432, -0.02918, 0.03073, 0.99909
-0.01, 1.17, 0.09, 0.00487, -0.03042, 0.03063, 0.99906
-0.01, 1.17, 0.09, 0.00539, -0.03158, 0.03058, 0.99902
-0.01, 1.17, 0.09, 0.00566, -0.03272, 0.03033, 0.99899
-0.01, 1.17, 0.09, 0.00618, -0.03346, 0.03057, 0.99895
-0.01, 1.17, 0.09, 0.00654, -0.03405, 0.03078, 0.99892
-0.01, 1.17, 0.09, 0.00697, -0.03477, 0.03118, 0.99888
-0.01, 1.17, 0.09, 0.00734, -0.03544, 0.03154, 0.99885
-0.01, 1.17, 0.09, 0.00772, -0.03624, 0.03172, 0.99881
-0.01, 1.17, 0.09, 0.00831, -0.03702, 0.03156, 0.99878
-0.01, 1.17, 0.09, 0.00919, -0.03778, 0.03120, 0.99876
-0.01, 1.17, 0.09, 0.00976, -0.03867, 0.03099, 0.99872
-0.01, 1.17, 0.09, 0.01026, -0.03952, 0.03071, 0.99869
-0.01, 1.17, 0.09, 0.01067, -0.04064, 0.03056, 0.99865
-0.01, 1.17, 0.09, 0.01142, -0.04173, 0.03055, 0.99860
-0.01, 1.17, 0.09, 0.01231, -0.04300, 0.03041, 0.99854
-0.01, 1.17, 0.09, 0.01318, -0.04454, 0.03021, 0.99846
-0.01, 1.17, 0.09, 0.01411, -0.04617, 0.03002, 0.99838
-0.01, 1.17, 0.09, 0.01496, -0.04794, 0.02963, 0.99830
-0.01, 1.17, 0.09, 0.01559, -0.04969, 0.02921, 0.99822
-0.01, 1.17, 0.09, 0.01602, -0.05157, 0.02883, 0.99812
-0.01, 1.17, 0.09, 0.01590, -0.05339, 0.02845, 0.99804
-0.01, 1.17, 0.09, 0.01616, -0.05511, 0.02821, 0.99795
-0.01, 1.17, 0.09, 0.01641, -0.05687, 0.02793, 0.99786
-0.01, 1.17, 0.09, 0.01644, -0.05848, 0.02762, 0.99777
-0.01, 1.17, 0.09, 0.01683, -0.06025, 0.02740, 0.99767
-0.01, 1.17, 0.09, 0.01742, -0.06195, 0.02726, 0.99755
-0.01, 1.17, 0.09, 0.01776, -0.06375, 0.02713, 0.99744
-0.01, 1.17, 0.09, 0.01823, -0.06548, 0.02700, 0.99732
-0.01, 1.17, 0.09, 0.01825, -0.06710, 0.02690, 0.99722
-0.01, 1.17, 0.09, 0.01831, -0.06849, 0.02683, 0.99712
-0.01, 1.17, 0.09, 0.01841, -0.06991, 0.02662, 0.99703
-0.01, 1.17, 0.09, 0.01899, -0.07122, 0.02641, 0.99693
-0.01, 1.17, 0.09, 0.01943, -0.07245, 0.02623, 0.99684
-0.01, 1.17, 0.09, 0.01991, -0.07360, 0.02622, 0.99674
-0.01, 1.17, 0.09, 0.02050, -0.07482, 0.02612, 0.99664
-0.01, 1.17, 0.09, 0.02109, -0.07596, 0.02595, 0.99655
-0.01, 1.17, 0.09, 0.02157, -0.07699, 0.02579, 0.99647
-0.01, 1.17, 0.09, 0.02189, -0.07803, 0.02591, 0.99637
-0.01, 1.17, 0.09, 0.02195, -0.07884, 0.02573, 0.99631
-0.01, 1.17, 0.09, 0.02208, -0.07973, 0.02563, 0.99624
-0.01, 1.17, 0.09, 0.02232, -0.08047, 0.02558, 0.99618
-0.01, 1.17, 0.09, 0.02288, -0.08103, 0.02548, 0.99612
-0.01, 1.17, 0.09, 0.02331, -0.08173, 0.02544, 0.99606
-0.01, 1.17, 0.09, 0.02388, -0.08229, 0.02535, 0.99600
-0.01, 1.17, 0.09, 0.02464, -0.08288, 0.02519, 0.99594
-0.01, 1.17, 0.09, 0.02520, -0.08329, 0.02511, 0.99589
-0.01, 1.17, 0.09, 0.02542, -0.08345, 0.02511, 0.99587
-0.01, 1.17, 0.09, 0.02577, -0.08365, 0.02493, 0.99585
-0.01, 1.17, 0.09, 0.02633, -0.08374, 0.02487, 0.99583
-0.01, 1.17, 0.09, 0.02699, -0.08377, 0.02469, 0.99581
-0.01, 1.17, 0.09, 0.02764, -0.08378, 0.02470, 0.99579
-0.01, 1.17, 0.09, 0.02846, -0.08380, 0.02455, 0.99577
-0.01, 1.17, 0.09, 0.02932, -0.08378, 0.02448, 0.99575
-0.01, 1.17, 0.09, 0.02957, -0.08372, 0.02430, 0.99575
-0.01, 1.17, 0.09, 0.02948, -0.08370, 0.02438, 0.99576
-0.01, 1.17, 0.09, 0.02903, -0.08353, 0.02432, 0.99579
-0.01, 1.17, 0.09, 0.02879, -0.08342, 0.02430, 0.99580
-0.01, 1.17, 0.10, 0.02895, -0.08328, 0.02424, 0.99581
-0.01, 1.17, 0.10, 0.02885, -0.08311, 0.02428, 0.99583
-0.01, 1.17, 0.10, 0.02884, -0.08300, 0.02432, 0.99584
-0.01, 1.17, 0.10, 0.02868, -0.08300, 0.02434, 0.99584
-0.01, 1.17, 0.10, 0.02862, -0.08307, 0.02450, 0.99583
-0.01, 1.17, 0.10, 0.02859, -0.08314, 0.02444, 0.99583
-0.01, 1.17, 0.10, 0.02851, -0.08329, 0.02435, 0.99582
-0.01, 1.17, 0.10, 0.02867, -0.08344, 0.02425, 0.99580
-0.01, 1.17, 0.10, 0.02915, -0.08370, 0.02419, 0.99577
-0.01, 1.17, 0.10, 0.02956, -0.08373, 0.02419, 0.99576
-0.01, 1.17, 0.10, 0.02978, -0.08389, 0.02425, 0.99573
-0.01, 1.17, 0.10, 0.02987, -0.08401, 0.02410, 0.99573
-0.01, 1.17, 0.10, 0.02976, -0.08428, 0.02395, 0.99571
-0.01, 1.17, 0.10, 0.02959, -0.08436, 0.02363, 0.99572
-0.01, 1.17, 0.10, 0.02954, -0.08457, 0.02340, 0.99570
-0.01, 1.17, 0.10, 0.02961, -0.08472, 0.02346, 0.99569
-0.01, 1.17, 0.10, 0.02968, -0.08501, 0.02355, 0.99566
-0.01, 1.17, 0.10, 0.02993, -0.08525, 0.02361, 0.99563
-0.01, 1.17, 0.10, 0.02975, -0.08538, 0.02367, 0.99562
-0.01, 1.17, 0.10, 0.02946, -0.08575, 0.02380, 0.99560
-0.01, 1.17, 0.10, 0.02939, -0.08611, 0.02374, 0.99557
-0.01, 1.17, 0.09, 0.02910, -0.08645, 0.02356, 0.99555
-0.01, 1.17, 0.09, 0.02897, -0.08670, 0.02338, 0.99554
-0.01, 1.17, 0.09, 0.02891, -0.08696, 0.02324, 0.99552
-0.01, 1.17, 0.09, 0.02883, -0.08722, 0.02310, 0.99550
-0.01, 1.17, 0.09, 0.02871, -0.08746, 0.02302, 0.99549
-0.01, 1.17, 0.09, 0.02828, -0.08772, 0.02292, 0.99548
-0.01, 1.17, 0.09, 0.02803, -0.08805, 0.02291, 0.99546
-0.01, 1.17, 0.09, 0.02776, -0.08832, 0.02286, 0.99544
-0.01, 1.17, 0.09, 0.02738, -0.08855, 0.02297, 0.99543
-0.01, 1.17, 0.09, 0.02703, -0.08875, 0.02293, 0.99542
-0.01, 1.17, 0.09, 0.02678, -0.08881, 0.02309, 0.99542
-0.01, 1.17, 0.09, 0.02657, -0.08892, 0.02313, 0.99542
-0.01, 1.17, 0.09, 0.02639, -0.08908, 0.02318, 0.99541
-0.01, 1.17, 0.09, 0.02626, -0.08917, 0.02317, 0.99540
-0.01, 1.17, 0.09, 0.02623, -0.08907, 0.02317, 0.99541
-0.01, 1.17, 0.09, 0.02635, -0.08910, 0.02350, 0.99540
-0.01, 1.17, 0.09, 0.02641, -0.08914, 0.02359, 0.99539
-0.01, 1.17, 0.09, 0.02653, -0.08922, 0.02369, 0.99538
-0.01, 1.17, 0.09, 0.02675, -0.08923, 0.02373, 0.99537
-0.01, 1.17, 0.09, 0.02688, -0.08922, 0.02350, 0.99537
-0.01, 1.17, 0.09, 0.02698, -0.08939, 0.02324, 0.99536
-0.01, 1.17, 0.09, 0.02684, -0.08956, 0.02279, 0.99536
-0.01, 1.17, 0.09, 0.02651, -0.08962, 0.02272, 0.99536
-0.01, 1.17, 0.09, 0.02591, -0.08954, 0.02271, 0.99539
-0.01, 1.17, 0.09, 0.02564, -0.08934, 0.02273, 0.99541
-0.01, 1.17, 0.09, 0.02528, -0.08909, 0.02274, 0.99544
-0.01, 1.17, 0.09, 0.02475, -0.08890, 0.02293, 0.99547
-0.01, 1.17, 0.09, 0.02437, -0.08849, 0.02293, 0.99552
-0.01, 1.17, 0.09, 0.02413, -0.08813, 0.02297, 0.99555
-0.01, 1.17, 0.09, 0.02392, -0.08770, 0.02303, 0.99559
-0.01, 1.17, 0.09, 0.02372, -0.08739, 0.02308, 0.99562
-0.01, 1.17, 0.09, 0.02352, -0.08717, 0.02327, 0.99564
-0.01, 1.17, 0.09, 0.02340, -0.08693, 0.02319, 0.99567
-0.01, 1.17, 0.09, 0.02318, -0.08677, 0.02331, 0.99569
-0.01, 1.17, 0.09, 0.02311, -0.08667, 0.02348, 0.99569
-0.01, 1.17, 0.09, 0.02296, -0.08657, 0.02376, 0.99570
-0.01, 1.17, 0.09, 0.02284, -0.08672, 0.02334, 0.99570
-0.01, 1.17, 0.09, 0.02274, -0.08696, 0.02312, 0.99568
-0.01, 1.17, 0.09, 0.02280, -0.08701, 0.02303, 0.99568
-0.01, 1.17, 0.09, 0.02287, -0.08724, 0.02289, 0.99566
-0.01, 1.17, 0.09, 0.02297, -0.08757, 0.02275, 0.99563
-0.01, 1.17, 0.09, 0.02297, -0.08770, 0.02264, 0.99562
-0.01, 1.17, 0.09, 0.02269, -0.08803, 0.02317, 0.99559
-0.01, 1.17, 0.09, 0.02231, -0.08813, 0.02316, 0.99559
-0.01, 1.17, 0.09, 0.02226, -0.08813, 0.02306, 0.99559
-0.01, 1.17, 0.09, 0.02201, -0.08815, 0.02321, 0.99559
-0.01, 1.17, 0.09, 0.02182, -0.08805, 0.02344, 0.99560
-0.01, 1.17, 0.09, 0.02182, -0.08800, 0.02364, 0.99560
-0.01, 1.17, 0.09, 0.02204, -0.08803, 0.02388, 0.99559
-0.01, 1.17, 0.09, 0.02205, -0.08795, 0.02376, 0.99560
-0.01, 1.17, 0.09, 0.02203, -0.08785, 0.02359, 0.99561
-0.01, 1.17, 0.09, 0.02198, -0.08776, 0.02343, 0.99562
-0.01, 1.17, 0.09, 0.02199, -0.08775, 0.02336, 0.99563
-0.01, 1.17, 0.09, 0.02206, -0.08772, 0.02346, 0.99562
-0.01, 1.17, 0.09, 0.02218, -0.08769, 0.02363, 0.99562
-0.01, 1.17, 0.09, 0.02230, -0.08782, 0.02376, 0.99560
-0.01, 1.17, 0.09, 0.02245, -0.08792, 0.02374, 0.99559
-0.01, 1.17, 0.09, 0.02266, -0.08816, 0.02364, 0.99557
-0.01, 1.17, 0.09, 0.02257, -0.08837, 0.02376, 0.99555
-0.01, 1.17, 0.09, 0.02252, -0.08848, 0.02382, 0.99554
-0.01, 1.17, 0.09, 0.02236, -0.08863, 0.02381, 0.99553
-0.01, 1.17, 0.09, 0.02215, -0.08870, 0.02389, 0.99553
-0.01, 1.17, 0.09, 0.02202, -0.08868, 0.02372, 0.99553
-0.01, 1.17, 0.09, 0.02206, -0.08853, 0.02351, 0.99555
-0.01, 1.17, 0.09, 0.02196, -0.08842, 0.02366, 0.99556
-0.01, 1.17, 0.09, 0.02193, -0.08825, 0.02393, 0.99557
-0.01, 1.17, 0.09, 0.02175, -0.08799, 0.02413, 0.99559
-0.01, 1.17, 0.09, 0.02169, -0.08771, 0.02420, 0.99562
-0.01, 1.17, 0.09, 0.02147, -0.08735, 0.02444, 0.99565
-0.01, 1.17, 0.09, 0.02122, -0.08718, 0.02435, 0.99567
-0.01, 1.17, 0.09, 0.02124, -0.08707, 0.02418, 0.99568
-0.01, 1.17, 0.09, 0.02110, -0.08676, 0.02393, 0.99572
-0.01, 1.17, 0.09, 0.02090, -0.08650, 0.02396, 0.99574
-0.01, 1.17, 0.09, 0.02062, -0.08640, 0.02412, 0.99576
-0.01, 1.17, 0.09, 0.02035, -0.08612, 0.02425, 0.99578
-0.01, 1.17, 0.09, 0.02014, -0.08620, 0.02393, 0.99579
-0.01, 1.17, 0.09, 0.01924, -0.08592, 0.02399, 0.99583
-0.01, 1.17, 0.09, 0.01874, -0.08559, 0.02392, 0.99587
-0.01, 1.17, 0.09, 0.01782, -0.08513, 0.02385, 0.99593
-0.01, 1.17, 0.09, 0.01706, -0.08466, 0.02401, 0.99597
-0.01, 1.17, 0.09, 0.01576, -0.08389, 0.02409, 0.99606
-0.01, 1.17, 0.09, 0.01437, -0.08279, 0.02443, 0.99616
-0.01, 1.17, 0.09, 0.01265, -0.08161, 0.02486, 0.99627
-0.01, 1.17, 0.09, 0.01055, -0.07997, 0.02504, 0.99643
-0.01, 1.17, 0.09, 0.00920, -0.07834, 0.02504, 0.99657
-0.01, 1.17, 0.09, 0.00740, -0.07647, 0.02558, 0.99672
-0.01, 1.17, 0.09, 0.00507, -0.07372, 0.02620, 0.99692
-0.01, 1.17, 0.09, 0.00273, -0.07124, 0.02688, 0.99709
-0.01, 1.17, 0.09, 0.00103, -0.06869, 0.02728, 0.99726
-0.01, 1.17, 0.09, -0.00059, -0.06572, 0.02759, 0.99746
-0.01, 1.17, 0.09, -0.00242, -0.06243, 0.02791, 0.99766
-0.01, 1.17, 0.09, -0.00416, -0.05883, 0.02828, 0.99786
-0.01, 1.17, 0.09, -0.00587, -0.05511, 0.02869, 0.99805
-0.01, 1.17, 0.09, -0.00780, -0.05141, 0.02934, 0.99822
-0.01, 1.17, 0.09, -0.00952, -0.04795, 0.02957, 0.99837
-0.01, 1.17, 0.09, -0.01174, -0.04442, 0.03005, 0.99849
-0.01, 1.17, 0.09, -0.01461, -0.04106, 0.03011, 0.99860
-0.01, 1.17, 0.09, -0.01615, -0.03740, 0.03081, 0.99869
-0.01, 1.17, 0.09, -0.01667, -0.03400, 0.03155, 0.99878
-0.01, 1.17, 0.09, -0.01772, -0.03049, 0.03186, 0.99887
-0.01, 1.17, 0.09, -0.01884, -0.02727, 0.03239, 0.99893
-0.01, 1.17, 0.09, -0.02043, -0.02392, 0.03269, 0.99897
-0.01, 1.17, 0.09, -0.02233, -0.02053, 0.03239, 0.99901
-0.01, 1.17, 0.09, -0.02379, -0.01722, 0.03225, 0.99905
-0.01, 1.17, 0.09, -0.02579, -0.01391, 0.03262, 0.99904
-0.01, 1.18, 0.09, -0.02894, -0.01086, 0.03281, 0.99898
-0.01, 1.18, 0.09, -0.03152, -0.00748, 0.03293, 0.99893
-0.01, 1.18, 0.09, -0.03434, -0.00460, 0.03287, 0.99886
-0.01, 1.18, 0.09, -0.03767, -0.00195, 0.03259, 0.99876
-0.01, 1.18, 0.09, -0.04075, 0.00040, 0.03209, 0.99865
-0.01, 1.18, 0.09, -0.04325, 0.00269, 0.03089, 0.99858
-0.01, 1.18, 0.09, -0.04595, 0.00475, 0.02978, 0.99849
-0.01, 1.18, 0.09, -0.04755, 0.00696, 0.02871, 0.99843
-0.01, 1.18, 0.09, -0.04826, 0.00897, 0.02742, 0.99842
-0.01, 1.18, 0.09, -0.04878, 0.01087, 0.02590, 0.99841
-0.01, 1.18, 0.09, -0.04932, 0.01290, 0.02405, 0.99841
-0.01, 1.18, 0.09, -0.04961, 0.01473, 0.02193, 0.99842
-0.01, 1.18, 0.09, -0.04920, 0.01633, 0.01982, 0.99846
-0.01, 1.18, 0.09, -0.04790, 0.01754, 0.01810, 0.99853
-0.01, 1.18, 0.09, -0.04682, 0.01857, 0.01655, 0.99859
-0.01, 1.18, 0.09, -0.04553, 0.01926, 0.01562, 0.99866
-0.01, 1.18, 0.09, -0.04379, 0.02009, 0.01524, 0.99872
-0.01, 1.18, 0.09, -0.04378, 0.02058, 0.01540, 0.99871
-0.01, 1.18, 0.09, -0.04403, 0.02106, 0.01562, 0.99869
-0.01, 1.18, 0.09, -0.04366, 0.02145, 0.01637, 0.99868
-0.01, 1.18, 0.09, -0.04387, 0.02173, 0.01712, 0.99865
-0.01, 1.18, 0.09, -0.04497, 0.02176, 0.01762, 0.99860
-0.01, 1.18, 0.09, -0.04562, 0.02192, 0.01801, 0.99856
-0.01, 1.18, 0.09, -0.04566, 0.02204, 0.01817, 0.99855
-0.01, 1.18, 0.09, -0.04584, 0.02228, 0.01852, 0.99853
-0.01, 1.18, 0.09, -0.04582, 0.02295, 0.01864, 0.99851
-0.01, 1.18, 0.09, -0.04575, 0.02353, 0.01855, 0.99850
-0.01, 1.18, 0.09, -0.04527, 0.02404, 0.01811, 0.99852
-0.01, 1.18, 0.09, -0.04400, 0.02446, 0.01804, 0.99857
-0.01, 1.18, 0.09, -0.04346, 0.02476, 0.01796, 0.99859
-0.01, 1.18, 0.09, -0.04323, 0.02479, 0.01819, 0.99859
-0.01, 1.18, 0.09, -0.04295, 0.02513, 0.01820, 0.99860
-0.01, 1.18, 0.09, -0.04304, 0.02560, 0.01860, 0.99857
-0.01, 1.18, 0.09, -0.04290, 0.02632, 0.01907, 0.99855
-0.01, 1.18, 0.09, -0.04213, 0.02708, 0.01950, 0.99855
-0.01, 1.18, 0.09, -0.04187, 0.02786, 0.01996, 0.99854
-0.01, 1.18, 0.09, -0.04170, 0.02832, 0.02063, 0.99852
-0.01, 1.18, 0.09, -0.04131, 0.02881, 0.02098, 0.99851
-0.01, 1.18, 0.09, -0.04108, 0.02925, 0.02148, 0.99850
-0.01, 1.18, 0.09, -0.04062, 0.02968, 0.02169, 0.99850
-0.01, 1.18, 0.09, -0.04040, 0.03010, 0.02186, 0.99849
-0.01, 1.18, 0.09, -0.04033, 0.03075, 0.02175, 0.99848
-0.01, 1.18, 0.09, -0.04033, 0.03098, 0.02182, 0.99847
-0.01, 1.18, 0.09, -0.04093, 0.03121, 0.02164, 0.99844
-0.01, 1.18, 0.09, -0.04172, 0.03145, 0.02144, 0.99840
-0.01, 1.18, 0.09, -0.04195, 0.03173, 0.02145, 0.99839
-0.01, 1.18, 0.09, -0.04211, 0.03218, 0.02161, 0.99836
-0.01, 1.18, 0.09, -0.04232, 0.03241, 0.02160, 0.99834
-0.01, 1.18, 0.09, -0.04243, 0.03278, 0.02192, 0.99832
-0.01, 1.18, 0.09, -0.04220, 0.03345, 0.02205, 0.99831
0.00, 1.18, 0.09, -0.04212, 0.03361, 0.02264, 0.99829
0.00, 1.18, 0.09, -0.04247, 0.03405, 0.02285, 0.99826
0.00, 1.18, 0.09, -0.04359, 0.03424, 0.02280, 0.99820
0.00, 1.18, 0.09, -0.04412, 0.03428, 0.02282, 0.99818
0.00, 1.18, 0.09, -0.04397, 0.03437, 0.02282, 0.99818
0.00, 1.18, 0.09, -0.04421, 0.03435, 0.02307, 0.99816
0.00, 1.18, 0.09, -0.04463, 0.03407, 0.02343, 0.99815
0.00, 1.18, 0.09, -0.04430, 0.03421, 0.02356, 0.99815
0.00, 1.18, 0.09, -0.04429, 0.03416, 0.02354, 0.99816
0.00, 1.18, 0.09, -0.04429, 0.03379, 0.02345, 0.99817
0.00, 1.18, 0.09, -0.04444, 0.03297, 0.02304, 0.99820
0.00, 1.18, 0.09, -0.04438, 0.03254, 0.02288, 0.99822
0.00, 1.18, 0.09, -0.04464, 0.03201, 0.02295, 0.99823
0.00, 1.18, 0.09, -0.04469, 0.03151, 0.02270, 0.99825
0.00, 1.18, 0.09, -0.04419, 0.03071, 0.02267, 0.99829
0.00, 1.18, 0.09, -0.04367, 0.02990, 0.02229, 0.99835
0.00, 1.18, 0.09, -0.04356, 0.02872, 0.02188, 0.99840
0.00, 1.18, 0.09, -0.04323, 0.02741, 0.02160, 0.99846
0.00, 1.18, 0.09, -0.04306, 0.02608, 0.02088, 0.99851
0.00, 1.18, 0.09, -0.04245, 0.02475, 0.02017, 0.99859
-0.01, 1.18, 0.09, -0.04189, 0.02335, 0.01976, 0.99865
-0.01, 1.18, 0.09, -0.04193, 0.02183, 0.01953, 0.99869
-0.01, 1.18, 0.09, -0.04268, 0.02034, 0.01954, 0.99869
-0.01, 1.18, 0.09, -0.04296, 0.01867, 0.01934, 0.99872
-0.01, 1.18, 0.09, -0.04273, 0.01658, 0.01922, 0.99876
-0.01, 1.18, 0.09, -0.04317, 0.01456, 0.01861, 0.99879
-0.01, 1.18, 0.09, -0.04396, 0.01218, 0.01813, 0.99879
-0.01, 1.18, 0.09, -0.04477, 0.01002, 0.01764, 0.99879
-0.01, 1.18, 0.09, -0.04483, 0.00793, 0.01740, 0.99881
-0.01, 1.18, 0.09, -0.04507, 0.00605, 0.01748, 0.99881
-0.01, 1.18, 0.09, -0.04579, 0.00410, 0.01736, 0.99879
-0.01, 1.18, 0.09, -0.04630, 0.00196, 0.01713, 0.99878
-0.01, 1.18, 0.09, -0.04683, 0.00011, 0.01708, 0.99876
-0.01, 1.18, 0.09, -0.04733, -0.00186, 0.01707, 0.99873
-0.01, 1.18, 0.09, -0.04766, -0.00354, 0.01708, 0.99871
-0.01, 1.18, 0.09, -0.04804, -0.00514, 0.01733, 0.99868
-0.01, 1.18, 0.09, -0.04826, -0.00648, 0.01784, 0.99865
-0.01, 1.18, 0.09, -0.04855, -0.00793, 0.01823, 0.99862
-0.01, 1.18, 0.09, -0.04903, -0.00950, 0.01859, 0.99858
-0.01, 1.18, 0.09, -0.04827, -0.01142, 0.01855, 0.99860
-0.01, 1.18, 0.09, -0.04725, -0.01303, 0.01841, 0.99863
-0.01, 1.18, 0.09, -0.04597, -0.01460, 0.01844, 0.99867
-0.01, 1.18, 0.09, -0.04582, -0.01577, 0.01838, 0.99866
-0.01, 1.18, 0.09, -0.04591, -0.01666, 0.01861, 0.99863
-0.01, 1.18, 0.09, -0.04607, -0.01747, 0.01852, 0.99861
-0.01, 1.18, 0.09, -0.04626, -0.01841, 0.01771, 0.99860
-0.01, 1.18, 0.09, -0.04521, -0.01959, 0.01700, 0.99864
-0.01, 1.18, 0.09, -0.04424, -0.02034, 0.01659, 0.99868
-0.01, 1.18, 0.09, -0.04342, -0.02102, 0.01655, 0.99870
-0.01, 1.18, 0.09, -0.04238, -0.02130, 0.01630, 0.99874
-0.01, 1.18, 0.09, -0.04042, -0.02120, 0.01634, 0.99882
-0.01, 1.18, 0.09, -0.03915, -0.02106, 0.01649, 0.99888
-0.01, 1.18, 0.09, -0.03936, -0.02066, 0.01684, 0.99887
-0.01, 1.18, 0.09, -0.03989, -0.02010, 0.01752, 0.99885
-0.01, 1.18, 0.09, -0.04215, -0.01923, 0.01725, 0.99878
-0.01, 1.18, 0.09, -0.04171, -0.01924, 0.01741, 0.99879
-0.01, 1.18, 0.09, -0.04211, -0.01839, 0.01621, 0.99881
-0.01, 1.18, 0.09, -0.04261, -0.01802, 0.01682, 0.99879
-0.01, 1.18, 0.09, -0.04300, -0.01715, 0.01668, 0.99879
-0.01, 1.18, 0.09, -0.04326, -0.01599, 0.01757, 0.99878
-0.01, 1.18, 0.09, -0.04391, -0.01499, 0.01821, 0.99876
-0.01, 1.18, 0.09, -0.04512, -0.01392, 0.01844, 0.99871
-0.01, 1.18, 0.09, -0.04587, -0.01310, 0.01833, 0.99869
-0.01, 1.18, 0.09, -0.04676, -0.01220, 0.01765, 0.99868
-0.01, 1.18, 0.09, -0.04607, -0.01163, 0.01717, 0.99872
-0.01, 1.18, 0.09, -0.04496, -0.01082, 0.01641, 0.99880
-0.01, 1.18, 0.09, -0.04414, -0.01051, 0.01619, 0.99884
-0.01, 1.18, 0.09, -0.04394, -0.01070, 0.01653, 0.99884
-0.01, 1.18, 0.09, -0.04359, -0.01075, 0.01655, 0.99885
-0.01, 1.18, 0.09, -0.04415, -0.01171, 0.01652, 0.99882
-0.01, 1.18, 0.09, -0.04504, -0.01246, 0.01664, 0.99877
-0.01, 1.18, 0.09, -0.04588, -0.01321, 0.01667, 0.99872
-0.01, 1.18, 0.09, -0.04671, -0.01393, 0.01686, 0.99867
-0.01, 1.18, 0.09, -0.04709, -0.01467, 0.01698, 0.99864
-0.01, 1.18, 0.09, -0.04713, -0.01549, 0.01742, 0.99862
-0.01, 1.18, 0.09, -0.04724, -0.01590, 0.01829, 0.99859
-0.01, 1.18, 0.09, -0.04753, -0.01594, 0.01882, 0.99857
-0.01, 1.18, 0.09, -0.04769, -0.01581, 0.01901, 0.99856
-0.01, 1.18, 0.09, -0.04813, -0.01573, 0.01890, 0.99854
-0.01, 1.18, 0.09, -0.04790, -0.01607, 0.01889, 0.99854
-0.01, 1.18, 0.09, -0.04718, -0.01660, 0.01913, 0.99857
-0.01, 1.18, 0.09, -0.04634, -0.01752, 0.01878, 0.99860
-0.01, 1.18, 0.09, -0.04586, -0.01841, 0.01863, 0.99860
-0.01, 1.18, 0.09, -0.04572, -0.01943, 0.01812, 0.99860
-0.01, 1.18, 0.09, -0.04483, -0.02029, 0.01820, 0.99862
-0.01, 1.18, 0.09, -0.04411, -0.02091, 0.01841, 0.99864
-0.01, 1.18, 0.09, -0.04361, -0.02143, 0.01850, 0.99865
-0.01, 1.18, 0.09, -0.04340, -0.02218, 0.01841, 0.99864
-0.01, 1.18, 0.09, -0.04321, -0.02302, 0.01923, 0.99862
-0.01, 1.18, 0.09, -0.04236, -0.02381, 0.01875, 0.99864
-0.01, 1.18, 0.09, -0.04099, -0.02459, 0.01780, 0.99870
-0.01, 1.18, 0.09, -0.03997, -0.02544, 0.01739, 0.99873
-0.01, 1.18, 0.09, -0.03941, -0.02590, 0.01634, 0.99875
-0.01, 1.18, 0.09, -0.03792, -0.02692, 0.01613, 0.99879
-0.01, 1.18, 0.09, -0.03681, -0.02747, 0.01592, 0.99882
-0.01, 1.18, 0.09, -0.03599, -0.02803, 0.01592, 0.99883
-0.01, 1.18, 0.09, -0.03569, -0.02836, 0.01568, 0.99884
-0.01, 1.18, 0.09, -0.03538, -0.02893, 0.01609, 0.99883
-0.01, 1.17, 0.09, -0.03466, -0.02949, 0.01585, 0.99884
-0.01, 1.17, 0.09, -0.03336, -0.02983, 0.01444, 0.99889
-0.01, 1.17, 0.09, -0.03160, -0.03010, 0.01332, 0.99896
-0.01, 1.17, 0.09, -0.03118, -0.02973, 0.01539, 0.99895
-0.01, 1.17, 0.09, -0.03080, -0.02913, 0.01636, 0.99897
-0.01, 1.17, 0.09, -0.02969, -0.02851, 0.01625, 0.99902
-0.01, 1.17, 0.09, -0.02884, -0.02762, 0.01649, 0.99907
-0.01, 1.17, 0.09, -0.02791, -0.02724, 0.01794, 0.99908
-0.01, 1.17, 0.09, -0.02771, -0.02649, 0.01873, 0.99909
-0.01, 1.17, 0.09, -0.02739, -0.02578, 0.01803, 0.99913
-0.01, 1.17, 0.09, -0.02716, -0.02513, 0.01880, 0.99914
-0.01, 1.17, 0.09, -0.02699, -0.02462, 0.01969, 0.99914
-0.01, 1.17, 0.09, -0.02710, -0.02392, 0.01849, 0.99918
-0.01, 1.17, 0.09, -0.02703, -0.02373, 0.01703, 0.99921
-0.01, 1.17, 0.09, -0.02598, -0.02381, 0.01779, 0.99922
-0.01, 1.17, 0.09, -0.02629, -0.02339, 0.01827, 0.99921
-0.01, 1.17, 0.09, -0.02540, -0.02388, 0.01795, 0.99923
-0.01, 1.17, 0.09, -0.02583, -0.02420, 0.01715, 0.99923
-0.01, 1.17, 0.09, -0.02503, -0.02458, 0.01638, 0.99925
-0.01, 1.17, 0.09, -0.02465, -0.02459, 0.01609, 0.99926
-0.01, 1.17, 0.09, -0.02412, -0.02506, 0.01760, 0.99924
-0.01, 1.17, 0.09, -0.02385, -0.02519, 0.01741, 0.99925
-0.01, 1.17, 0.09, -0.02388, -0.02558, 0.01857, 0.99922
-0.01, 1.17, 0.09, -0.02458, -0.02573, 0.01816, 0.99920
-0.01, 1.17, 0.09, -0.02520, -0.02641, 0.01774, 0.99918
-0.01, 1.17, 0.09, -0.02445, -0.02740, 0.01741, 0.99917
-0.01, 1.17, 0.09, -0.02354, -0.02851, 0.01664, 0.99918
-0.01, 1.17, 0.09, -0.02264, -0.02991, 0.01828, 0.99913
-0.01, 1.17, 0.09, -0.02268, -0.03120, 0.01752, 0.99910
-0.01, 1.17, 0.09, -0.02170, -0.03203, 0.01695, 0.99911
-0.01, 1.17, 0.09, -0.02156, -0.03331, 0.01896, 0.99903
-0.01, 1.17, 0.09, -0.02169, -0.03405, 0.01812, 0.99902
-0.01, 1.17, 0.09, -0.02053, -0.03543, 0.01760, 0.99901
-0.01, 1.17, 0.09, -0.02056, -0.03608, 0.01835, 0.99897
-0.01, 1.17, 0.09, -0.01947, -0.03730, 0.01991, 0.99892
-0.01, 1.17, 0.09, -0.01971, -0.03886, 0.01982, 0.99885
-0.01, 1.17, 0.09, -0.01939, -0.03996, 0.01900, 0.99883
-0.01, 1.17, 0.09, -0.01832, -0.04123, 0.01979, 0.99879
-0.01, 1.17, 0.09, -0.01786, -0.04152, 0.02048, 0.99877
-0.01, 1.17, 0.09, -0.01723, -0.04235, 0.02210, 0.99871
-0.01, 1.17, 0.09, -0.01731, -0.04302, 0.02207, 0.99868
-0.01, 1.17, 0.09, -0.01698, -0.04439, 0.02200, 0.99863
-0.01, 1.17, 0.09, -0.01575, -0.04594, 0.02206, 0.99858
-0.01, 1.17, 0.09, -0.01583, -0.04786, 0.02120, 0.99850
-0.01, 1.17, 0.09, -0.01701, -0.05002, 0.02084, 0.99839
-0.01, 1.17, 0.09, -0.01614, -0.05197, 0.02098, 0.99830
-0.01, 1.17, 0.09, -0.01635, -0.05387, 0.02031, 0.99821
-0.01, 1.17, 0.09, -0.01542, -0.05570, 0.01963, 0.99814
-0.01, 1.17, 0.09, -0.01533, -0.05780, 0.01848, 0.99804
-0.01, 1.17, 0.09, -0.01567, -0.06006, 0.01777, 0.99791
-0.01, 1.17, 0.09, -0.01488, -0.06249, 0.01759, 0.99778
-0.01, 1.17, 0.09, -0.01725, -0.06515, 0.01700, 0.99758
-0.01, 1.17, 0.09, -0.01685, -0.06693, 0.01740, 0.99746
-0.01, 1.17, 0.09, -0.01633, -0.06896, 0.01693, 0.99734
-0.01, 1.17, 0.09, -0.01629, -0.06991, 0.01581, 0.99730
-0.01, 1.17, 0.09, -0.01529, -0.07120, 0.01562, 0.99722
-0.01, 1.17, 0.09, -0.01630, -0.07210, 0.01597, 0.99714
-0.02, 1.17, 0.09, -0.01656, -0.07310, 0.01619, 0.99706
-0.02, 1.17, 0.09, -0.01726, -0.07404, 0.01667, 0.99697
-0.02, 1.17, 0.09, -0.01582, -0.07418, 0.01665, 0.99698
-0.02, 1.17, 0.09, -0.01469, -0.07444, 0.01632, 0.99698
-0.02, 1.17, 0.09, -0.01362, -0.07518, 0.01599, 0.99695
-0.02, 1.17, 0.09, -0.01436, -0.07655, 0.01517, 0.99685
-0.02, 1.17, 0.09, -0.01439, -0.07715, 0.01526, 0.99680
-0.02, 1.17, 0.09, -0.01589, -0.07776, 0.01447, 0.99674
-0.02, 1.17, 0.09, -0.01403, -0.07781, 0.01404, 0.99677
-0.02, 1.17, 0.09, -0.01522, -0.07856, 0.01312, 0.99671
-0.02, 1.17, 0.09, -0.01460, -0.07995, 0.01357, 0.99660
-0.02, 1.17, 0.09, -0.01722, -0.08100, 0.01344, 0.99647
-0.02, 1.17, 0.09, -0.01646, -0.08104, 0.01384, 0.99648
-0.02, 1.17, 0.09, -0.01645, -0.08069, 0.01353, 0.99651
-0.02, 1.17, 0.09, -0.01652, -0.08119, 0.01304, 0.99648
-0.01, 1.17, 0.09, -0.01882, -0.08183, 0.01244, 0.99639
-0.02, 1.17, 0.09, -0.01709, -0.08204, 0.01263, 0.99640
-0.01, 1.17, 0.09, -0.01384, -0.08213, 0.01309, 0.99644
-0.01, 1.17, 0.09, -0.01564, -0.08206, 0.01165, 0.99644
-0.01, 1.17, 0.09, -0.02005, -0.08376, 0.01225, 0.99621
-0.01, 1.17, 0.09, -0.01823, -0.08396, 0.01444, 0.99620
-0.02, 1.17, 0.09, -0.01767, -0.08212, 0.01372, 0.99637
-0.02, 1.17, 0.09, -0.01758, -0.08427, 0.01393, 0.99619
-0.02, 1.17, 0.09, -0.01906, -0.08589, 0.01501, 0.99601
-0.02, 1.17, 0.09, -0.01980, -0.08569, 0.01532, 0.99601
-0.02, 1.17, 0.09, -0.01659, -0.08488, 0.01566, 0.99613
-0.02, 1.17, 0.09, -0.01335, -0.08596, 0.01487, 0.99610
-0.02, 1.17, 0.09, -0.01914, -0.08658, 0.01437, 0.99596
-0.02, 1.17, 0.09, -0.01812, -0.08711, 0.01606, 0.99590
-0.02, 1.17, 0.09, -0.01218, -0.08615, 0.01591, 0.99608
-0.02, 1.17, 0.09, -0.01490, -0.08604, 0.01390, 0.99608
-0.02, 1.17, 0.09, -0.01948, -0.08703, 0.01396, 0.99592
-0.02, 1.17, 0.09, -0.01398, -0.08660, 0.01530, 0.99603
-0.01, 1.17, 0.09, -0.01111, -0.08577, 0.01398, 0.99616
-0.01, 1.17, 0.09, -0.01600, -0.08678, 0.01233, 0.99602
-0.01, 1.17, 0.09, -0.01684, -0.08754, 0.01336, 0.99593
-0.01, 1.17, 0.09, -0.01175, -0.08419, 0.01334, 0.99629
-0.01, 1.17, 0.09, -0.01266, -0.08374, 0.01186, 0.99634
-0.01, 1.17, 0.09, -0.01684, -0.08700, 0.01148, 0.99600
-0.01, 1.17, 0.09, -0.01411, -0.08719, 0.01236, 0.99601
-0.01, 1.17, 0.09, -0.01044, -0.08408, 0.01153, 0.99634
-0.01, 1.17, 0.09, -0.01283, -0.08559, 0.00999, 0.99620
-0.01, 1.17, 0.09, -0.01889, -0.08702, 0.00989, 0.99598
-0.01, 1.17, 0.09, -0.01227, -0.08638, 0.01131, 0.99612
-0.01, 1.17, 0.09, -0.00908, -0.08541, 0.01014, 0.99625
-0.01, 1.17, 0.09, -0.01518, -0.08713, 0.00827, 0.99605
-0.01, 1.17, 0.09, -0.01687, -0.08820, 0.00914, 0.99592
-0.01, 1.17, 0.09, -0.01009, -0.08556, 0.00998, 0.99623
-0.01, 1.17, 0.09, -0.00893, -0.08543, 0.00769, 0.99627
-0.01, 1.17, 0.09, -0.01761, -0.08770, 0.00702, 0.99597
-0.01, 1.17, 0.09, -0.01404, -0.08739, 0.00836, 0.99604
-0.01, 1.17, 0.09, -0.00697, -0.08772, 0.00784, 0.99609
-0.01, 1.17, 0.09, -0.01063, -0.08876, 0.00518, 0.99598
-0.01, 1.17, 0.09, -0.01591, -0.08881, 0.00522, 0.99591
-0.01, 1.17, 0.09, -0.00991, -0.08674, 0.00644, 0.99616
-0.01, 1.17, 0.09, -0.00825, -0.08875, 0.00554, 0.99600
-0.01, 1.17, 0.09, -0.01366, -0.08994, 0.00441, 0.99584
-0.01, 1.17, 0.09, -0.01234, -0.08768, 0.00530, 0.99606
-0.01, 1.17, 0.09, -0.00941, -0.08729, 0.00513, 0.99613
-0.01, 1.17, 0.09, -0.01379, -0.09097, 0.00440, 0.99575
-0.01, 1.17, 0.09, -0.01115, -0.09077, 0.00501, 0.99580
-0.01, 1.17, 0.09, -0.00403, -0.08850, 0.00514, 0.99606
-0.01, 1.17, 0.09, -0.00877, -0.08887, 0.00308, 0.99600
-0.01, 1.17, 0.09, -0.01545, -0.08951, 0.00341, 0.99586
-0.01, 1.17, 0.09, -0.00921, -0.08765, 0.00490, 0.99610
-0.01, 1.17, 0.09, -0.00398, -0.08750, 0.00368, 0.99615
-0.01, 1.17, 0.09, -0.01156, -0.08900, 0.00290, 0.99596
-0.01, 1.17, 0.09, -0.00917, -0.08610, 0.00398, 0.99624
-0.01, 1.17, 0.09, -0.00780, -0.08680, 0.00400, 0.99619
-0.01, 1.17, 0.09, -0.01296, -0.09055, 0.00283, 0.99580
-0.01, 1.17, 0.09, -0.00963, -0.08959, 0.00392, 0.99592
-0.01, 1.17, 0.09, -0.00288, -0.08683, 0.00364, 0.99621
-0.01, 1.17, 0.09, -0.01041, -0.08952, 0.00230, 0.99593
-0.01, 1.17, 0.09, -0.01399, -0.08781, 0.00284, 0.99604
-0.01, 1.17, 0.09, -0.00705, -0.08504, 0.00359, 0.99635
-0.01, 1.17, 0.09, -0.00757, -0.08741, 0.00232, 0.99614
-0.01, 1.17, 0.09, -0.01144, -0.08845, 0.00319, 0.99601
-0.01, 1.17, 0.09, -0.00599, -0.08397, 0.00399, 0.99644
-0.01, 1.17, 0.09, -0.00357, -0.08453, 0.00281, 0.99641
-0.01, 1.17, 0.09, -0.01276, -0.08672, 0.00320, 0.99615
-0.01, 1.17, 0.09, -0.00899, -0.08458, 0.00447, 0.99637
-0.01, 1.17, 0.09, -0.00577, -0.08640, 0.00331, 0.99624
-0.01, 1.17, 0.09, -0.01372, -0.08903, 0.00303, 0.99593
-0.01, 1.17, 0.09, -0.00509, -0.08729, 0.00433, 0.99616
-0.01, 1.17, 0.09, -0.00118, -0.08627, 0.00301, 0.99627
-0.01, 1.17, 0.09, -0.01213, -0.08924, 0.00194, 0.99593
-0.01, 1.17, 0.09, -0.00774, -0.08684, 0.00389, 0.99618
-0.01, 1.17, 0.09, -0.00521, -0.08737, 0.00301, 0.99616
-0.01, 1.17, 0.09, -0.01445, -0.09142, 0.00201, 0.99571
-0.01, 1.17, 0.09, -0.00873, -0.09140, 0.00407, 0.99577
-0.01, 1.17, 0.09, -0.00209, -0.09042, 0.00362, 0.99590
-0.01, 1.17, 0.09, -0.00943, -0.09256, 0.00227, 0.99566
-0.01, 1.17, 0.09, -0.00673, -0.09064, 0.00423, 0.99585
-0.01, 1.17, 0.09, -0.00166, -0.08874, 0.00366, 0.99605
-0.01, 1.17, 0.09, -0.01160, -0.09144, 0.00178, 0.99574
-0.01, 1.17, 0.09, -0.00975, -0.09002, 0.00388, 0.99588
-0.01, 1.17, 0.09, -0.00430, -0.09082, 0.00379, 0.99585
-0.01, 1.17, 0.09, -0.01257, -0.09389, 0.00161, 0.99550
-0.01, 1.17, 0.09, -0.00823, -0.09201, 0.00445, 0.99571
-0.01, 1.17, 0.09, -0.00231, -0.09261, 0.00356, 0.99569
-0.01, 1.17, 0.09, -0.01069, -0.09476, 0.00196, 0.99544
-0.01, 1.17, 0.09, -0.00606, -0.09311, 0.00432, 0.99563
-0.01, 1.17, 0.09, 0.00041, -0.09287, 0.00318, 0.99567
-0.01, 1.17, 0.09, -0.01111, -0.09471, 0.00145, 0.99544
-0.01, 1.17, 0.09, -0.00675, -0.09251, 0.00353, 0.99568
-0.01, 1.17, 0.09, -0.00361, -0.09393, 0.00222, 0.99557
-0.01, 1.17, 0.09, -0.01433, -0.09770, 0.00094, 0.99511
-0.01, 1.17, 0.09, -0.00752, -0.09752, 0.00265, 0.99520
-0.02, 1.17, 0.09, -0.00488, -0.10167, 0.00057, 0.99481
-0.02, 1.17, 0.09, -0.01709, -0.10623, -0.00053, 0.99419
-0.02, 1.17, 0.09, -0.00635, -0.10805, 0.00069, 0.99413
-0.02, 1.17, 0.09, -0.00582, -0.11346, -0.00260, 0.99352
-0.02, 1.17, 0.09, -0.01462, -0.11924, -0.00307, 0.99275
-0.02, 1.17, 0.09, -0.00300, -0.12027, -0.00193, 0.99274
-0.02, 1.17, 0.09, -0.00447, -0.12614, -0.00579, 0.99199
-0.02, 1.17, 0.09, -0.01150, -0.13119, -0.00439, 0.99128
-0.02, 1.17, 0.09, 0.00061, -0.13299, -0.00332, 0.99111
-0.02, 1.17, 0.09, -0.00447, -0.13823, -0.00790, 0.99036
-0.02, 1.17, 0.09, -0.00871, -0.14376, -0.00550, 0.98956
-0.02, 1.17, 0.09, 0.00150, -0.14768, -0.00468, 0.98902
-0.02, 1.17, 0.09, -0.01164, -0.15174, -0.00968, 0.98830
-0.02, 1.17, 0.09, -0.01092, -0.15584, -0.00551, 0.98771
-0.02, 1.17, 0.09, -0.00214, -0.16025, -0.00578, 0.98706
-0.02, 1.17, 0.09, -0.01558, -0.16498, -0.00925, 0.98613
-0.02, 1.17, 0.09, -0.00623, -0.16753, -0.00538, 0.98583
-0.02, 1.17, 0.09, -0.00558, -0.17435, -0.00763, 0.98464
-0.02, 1.17, 0.09, -0.01360, -0.17822, -0.00740, 0.98387
-0.02, 1.17, 0.09, -0.00190, -0.18338, -0.00546, 0.98303
-0.02, 1.17, 0.09, -0.01393, -0.18700, -0.01126, 0.98220
-0.02, 1.17, 0.09, -0.01695, -0.19231, -0.00881, 0.98115
-0.02, 1.17, 0.09, -0.00449, -0.19675, -0.00695, 0.98042
-0.02, 1.17, 0.09, -0.02154, -0.20073, -0.01401, 0.97931
-0.02, 1.17, 0.09, -0.01658, -0.20304, -0.00880, 0.97899
-0.03, 1.17, 0.09, -0.00835, -0.21011, -0.00771, 0.97761
-0.03, 1.17, 0.09, -0.02517, -0.21293, -0.01255, 0.97666
-0.03, 1.17, 0.09, -0.01224, -0.21647, -0.00783, 0.97618
-0.03, 1.17, 0.09, -0.01535, -0.22379, -0.01162, 0.97445
-0.03, 1.17, 0.09, -0.02611, -0.22912, -0.01218, 0.97297
-0.03, 1.17, 0.09, -0.01250, -0.23746, -0.00864, 0.97128
-0.03, 1.17, 0.09, -0.02938, -0.24508, -0.01665, 0.96892
-0.03, 1.17, 0.09, -0.02710, -0.25009, -0.01286, 0.96776
-0.03, 1.17, 0.09, -0.01658, -0.26262, -0.01097, 0.96469
-0.03, 1.17, 0.09, -0.03314, -0.26877, -0.01715, 0.96248
-0.03, 1.17, 0.09, -0.02128, -0.27948, -0.01047, 0.95986
-0.03, 1.17, 0.09, -0.02908, -0.29484, -0.01338, 0.95501
-0.03, 1.17, 0.09, -0.03976, -0.30417, -0.01155, 0.95172
-0.03, 1.17, 0.08, -0.02998, -0.32332, -0.00530, 0.94580
-0.04, 1.17, 0.09, -0.04729, -0.34022, -0.01167, 0.93908
-0.03, 1.17, 0.08, -0.04394, -0.35251, -0.00712, 0.93475
-0.04, 1.17, 0.08, -0.03605, -0.37129, -0.00624, 0.92780
-0.04, 1.17, 0.08, -0.05187, -0.38201, -0.01299, 0.92261
-0.04, 1.17, 0.08, -0.03212, -0.39846, -0.00349, 0.91662
-0.04, 1.17, 0.08, -0.04244, -0.41536, -0.01179, 0.90859
-0.04, 1.17, 0.08, -0.04296, -0.42562, -0.00817, 0.90384
-0.04, 1.17, 0.08, -0.03211, -0.44218, -0.00601, 0.89633
-0.04, 1.17, 0.08, -0.04792, -0.45305, -0.01345, 0.89010
-0.04, 1.17, 0.08, -0.03272, -0.46485, -0.00302, 0.88478
-0.04, 1.17, 0.08, -0.03691, -0.47939, -0.00860, 0.87678
-0.04, 1.17, 0.08, -0.04096, -0.48779, -0.00636, 0.87197
-0.04, 1.17, 0.07, -0.02684, -0.50230, 0.00130, 0.86428
-0.04, 1.17, 0.07, -0.04884, -0.51081, -0.01281, 0.85821
-0.04, 1.17, 0.07, -0.02977, -0.52108, 0.00347, 0.85298
-0.04, 1.17, 0.07, -0.04059, -0.52980, -0.00726, 0.84712
-0.04, 1.17, 0.07, -0.04519, -0.53484, -0.00513, 0.84373
-0.04, 1.17, 0.07, -0.03135, -0.54599, 0.00258, 0.83720
-0.04, 1.17, 0.07, -0.04970, -0.55387, -0.01239, 0.83103
-0.04, 1.17, 0.07, -0.03565, -0.55793, 0.00069, 0.82912
-0.04, 1.17, 0.07, -0.04228, -0.56850, -0.00676, 0.82157
-0.04, 1.17, 0.07, -0.04774, -0.56981, -0.00630, 0.82037
-0.04, 1.17, 0.07, -0.04059, -0.58082, -0.00102, 0.81302
-0.04, 1.17, 0.06, -0.05701, -0.58652, -0.01421, 0.80780
-0.04, 1.17, 0.06, -0.04217, -0.59081, -0.00178, 0.80571
-0.04, 1.17, 0.06, -0.04649, -0.60153, -0.00850, 0.79746
-0.04, 1.17, 0.06, -0.04573, -0.60511, -0.00545, 0.79481
-0.04, 1.17, 0.06, -0.04309, -0.61870, -0.00586, 0.78443
-0.04, 1.17, 0.06, -0.05831, -0.62498, -0.01867, 0.77823
-0.04, 1.17, 0.06, -0.04803, -0.63261, -0.00895, 0.77293
-0.05, 1.17, 0.06, -0.05458, -0.64153, -0.01895, 0.76492
-0.04, 1.17, 0.06, -0.04879, -0.64323, -0.01058, 0.76404
-0.05, 1.17, 0.05, -0.04932, -0.65590, -0.01312, 0.75312
-0.04, 1.17, 0.05, -0.06382, -0.65999, -0.02509, 0.74814
-0.04, 1.17, 0.05, -0.04945, -0.66896, -0.01149, 0.74156
-0.04, 1.17, 0.05, -0.06089, -0.67666, -0.02665, 0.73329
-0.04, 1.17, 0.05, -0.04300, -0.68175, -0.00686, 0.73029
-0.05, 1.17, 0.05, -0.04736, -0.69241, -0.01590, 0.71977
-0.04, 1.17, 0.05, -0.05833, -0.69537, -0.02224, 0.71594
-0.05, 1.17, 0.05, -0.05042, -0.70464, -0.01448, 0.70762
-0.04, 1.17, 0.05, -0.06054, -0.70869, -0.02192, 0.70258
-0.05, 1.17, 0.04, -0.04413, -0.71524, 0.00018, 0.69748
-0.05, 1.17, 0.04, -0.05798, -0.72332, -0.01736, 0.68785
-0.04, 1.16, 0.04, -0.04511, -0.72552, 0.00162, 0.68672
-0.05, 1.17, 0.04, -0.04319, -0.73440, -0.00154, 0.67734
-0.05, 1.16, 0.04, -0.05053, -0.73759, -0.00642, 0.67333
-0.05, 1.16, 0.04, -0.03947, -0.74422, 0.00589, 0.66674
-0.05, 1.16, 0.04, -0.04920, -0.74755, -0.00858, 0.66232
-0.05, 1.16, 0.04, -0.03582, -0.75061, 0.01000, 0.65970
-0.05, 1.16, 0.04, -0.04342, -0.75793, -0.00420, 0.65088
-0.05, 1.16, 0.04, -0.03531, -0.75614, 0.01142, 0.65335
-0.05, 1.17, 0.03, -0.03337, -0.76342, 0.01190, 0.64493
-0.05, 1.16, 0.03, -0.03864, -0.76429, 0.01110, 0.64361
-0.05, 1.16, 0.03, -0.03453, -0.76815, 0.01750, 0.63909
-0.05, 1.16, 0.03, -0.04656, -0.76915, 0.00316, 0.63737
-0.05, 1.16, 0.03, -0.03699, -0.76810, 0.01969, 0.63895
-0.05, 1.16, 0.03, -0.04587, -0.77201, 0.00540, 0.63394
-0.05, 1.16, 0.03, -0.03707, -0.76659, 0.02198, 0.64069
-0.05, 1.17, 0.03, -0.03480, -0.77287, 0.02289, 0.63320
-0.05, 1.16, 0.03, -0.04322, -0.77047, 0.01859, 0.63574
-0.05, 1.16, 0.03, -0.04291, -0.77488, 0.01896, 0.63036
-0.05, 1.16, 0.03, -0.05449, -0.77330, 0.00323, 0.63168
-0.05, 1.16, 0.02, -0.04102, -0.77100, 0.02300, 0.63510
-0.05, 1.16, 0.03, -0.05231, -0.77227, 0.00602, 0.63311
-0.05, 1.17, 0.03, -0.04413, -0.76688, 0.02202, 0.63990
-0.05, 1.17, 0.02, -0.05039, -0.77107, 0.01052, 0.63466
-0.05, 1.16, 0.03, -0.04899, -0.76634, 0.01850, 0.64030
-0.05, 1.17, 0.02, -0.04951, -0.76969, 0.01537, 0.63630
-0.05, 1.16, 0.03, -0.05180, -0.76686, 0.01346, 0.63957
-0.05, 1.17, 0.02, -0.04279, -0.76808, 0.02514, 0.63842
-0.05, 1.17, 0.02, -0.05610, -0.76984, 0.00679, 0.63573
-0.05, 1.17, 0.03, -0.05151, -0.77011, 0.01730, 0.63559
-0.05, 1.16, 0.03, -0.06305, -0.77049, -0.00215, 0.63432
-0.05, 1.16, 0.02, -0.05194, -0.76497, 0.01651, 0.64175
-0.05, 1.17, 0.02, -0.05409, -0.77123, 0.00968, 0.63418
-0.05, 1.17, 0.02, -0.05031, -0.76892, 0.01772, 0.63711
-0.05, 1.17, 0.02, -0.05096, -0.77566, 0.01194, 0.62898
-0.05, 1.17, 0.03, -0.05320, -0.77242, 0.01013, 0.63280
-0.05, 1.17, 0.02, -0.04708, -0.77642, 0.01619, 0.62824
-0.05, 1.16, 0.03, -0.05238, -0.77707, 0.00729, 0.62719
-0.05, 1.17, 0.02, -0.04579, -0.77803, 0.01561, 0.62637
-0.05, 1.16, 0.03, -0.05828, -0.77917, -0.00363, 0.62409
-0.05, 1.17, 0.02, -0.04920, -0.77552, 0.01363, 0.62926
-0.05, 1.17, 0.02, -0.05729, -0.77929, -0.00246, 0.62403
-0.05, 1.17, 0.02, -0.04483, -0.77453, 0.01714, 0.63071
-0.05, 1.17, 0.02, -0.04988, -0.78003, 0.00531, 0.62372
-0.05, 1.17, 0.02, -0.04438, -0.77599, 0.01750, 0.62894
-0.05, 1.17, 0.02, -0.04796, -0.77892, 0.00812, 0.62523
-0.05, 1.17, 0.03, -0.04432, -0.77473, 0.01502, 0.63055
-0.05, 1.17, 0.02, -0.04053, -0.77728, 0.01643, 0.62763
-0.05, 1.17, 0.03, -0.04571, -0.77335, 0.01185, 0.63222
-0.05, 1.17, 0.02, -0.04130, -0.77490, 0.01513, 0.63056
-0.05, 1.16, 0.03, -0.04940, -0.77428, 0.00343, 0.63090
-0.05, 1.17, 0.02, -0.04087, -0.77143, 0.01581, 0.63480
-0.05, 1.16, 0.03, -0.05302, -0.77381, -0.00273, 0.63119
-0.05, 1.16, 0.02, -0.04528, -0.76994, 0.01251, 0.63638
-0.05, 1.17, 0.03, -0.05262, -0.77330, -0.00235, 0.63185
-0.05, 1.17, 0.03, -0.04132, -0.76847, 0.01614, 0.63834
-0.05, 1.16, 0.02, -0.05467, -0.77392, -0.00539, 0.63089
-0.05, 1.17, 0.02, -0.04255, -0.76837, 0.01595, 0.63839
-0.05, 1.17, 0.02, -0.04714, -0.77469, 0.00509, 0.63057
-0.05, 1.17, 0.02, -0.03967, -0.77126, 0.01801, 0.63503
-0.05, 1.17, 0.03, -0.03957, -0.77600, 0.01426, 0.62933
-0.05, 1.17, 0.02, -0.03999, -0.77172, 0.01751, 0.63446
-0.05, 1.17, 0.02, -0.03920, -0.77612, 0.01487, 0.62919
-0.05, 1.17, 0.02, -0.04307, -0.77559, 0.01215, 0.62965
-0.05, 1.17, 0.02, -0.04184, -0.77647, 0.01375, 0.62861
-0.05, 1.17, 0.02, -0.04696, -0.77514, 0.00786, 0.62999
-0.05, 1.17, 0.02, -0.04068, -0.77615, 0.01591, 0.62904
-0.05, 1.16, 0.03, -0.05024, -0.77709, 0.00415, 0.62736
-0.05, 1.17, 0.02, -0.04785, -0.77503, 0.00994, 0.63003
-0.05, 1.17, 0.03, -0.05453, -0.77605, -0.00169, 0.62831
-0.05, 1.17, 0.02, -0.04568, -0.77355, 0.01403, 0.63193
-0.05, 1.16, 0.02, -0.05663, -0.77700, -0.00460, 0.62694
-0.05, 1.17, 0.02, -0.04567, -0.77263, 0.01621, 0.63301
-0.05, 1.16, 0.03, -0.05609, -0.77561, -0.00335, 0.62870
-0.05, 1.17, 0.02, -0.04614, -0.77164, 0.01543, 0.63420
-0.05, 1.17, 0.02, -0.05734, -0.77579, -0.00504, 0.62836
-0.05, 1.17, 0.03, -0.04027, -0.77018, 0.02405, 0.63610
-0.05, 1.16, 0.02, -0.05372, -0.77448, -0.00096, 0.63031
-0.05, 1.17, 0.03, -0.04039, -0.76910, 0.02391, 0.63741
-0.05, 1.16, 0.02, -0.05439, -0.77229, -0.00126, 0.63294
-0.05, 1.17, 0.02, -0.04253, -0.76544, 0.02268, 0.64170
-0.05, 1.17, 0.02, -0.05270, -0.76985, 0.00232, 0.63604
-0.05, 1.17, 0.03, -0.03866, -0.76350, 0.02814, 0.64403
-0.05, 1.17, 0.02, -0.04762, -0.76587, 0.00958, 0.64116
-0.05, 1.17, 0.03, -0.03494, -0.75804, 0.03263, 0.65045
-0.05, 1.17, 0.02, -0.05352, -0.75783, 0.00422, 0.65024
-0.05, 1.17, 0.03, -0.03850, -0.74669, 0.03244, 0.66326
-0.06, 1.17, 0.03, -0.04573, -0.74562, 0.01477, 0.66464
-0.05, 1.17, 0.03, -0.03777, -0.73332, 0.03206, 0.67807
-0.06, 1.17, 0.03, -0.05181, -0.72707, 0.00615, 0.68457
-0.06, 1.17, 0.04, -0.03972, -0.71183, 0.02918, 0.70062
-0.06, 1.17, 0.03, -0.05248, -0.70708, 0.00843, 0.70513
-0.05, 1.17, 0.04, -0.04481, -0.69081, 0.02650, 0.72116
-0.06, 1.17, 0.03, -0.05190, -0.68418, 0.01322, 0.72734
-0.05, 1.17, 0.04, -0.04343, -0.66897, 0.03147, 0.74135
-0.06, 1.17, 0.04, -0.05505, -0.66153, 0.01485, 0.74775
-0.05, 1.17, 0.04, -0.04479, -0.64310, 0.03078, 0.76385
-0.06, 1.17, 0.04, -0.05477, -0.63515, 0.01639, 0.77027
-0.05, 1.17, 0.05, -0.04730, -0.61463, 0.02930, 0.78685
-0.06, 1.17, 0.04, -0.05237, -0.60677, 0.01754, 0.79295
-0.05, 1.17, 0.05, -0.04123, -0.59000, 0.03213, 0.80571
-0.06, 1.17, 0.05, -0.05790, -0.57955, 0.01296, 0.81278
-0.05, 1.17, 0.06, -0.04333, -0.55862, 0.03063, 0.82772
-0.06, 1.17, 0.05, -0.05375, -0.54925, 0.01789, 0.83374
-0.05, 1.17, 0.06, -0.04502, -0.52743, 0.03020, 0.84787
-0.06, 1.18, 0.06, -0.05598, -0.51552, 0.01817, 0.85486
-0.05, 1.17, 0.06, -0.04038, -0.49465, 0.03674, 0.86738
-0.05, 1.17, 0.06, -0.05343, -0.48389, 0.02355, 0.87318
-0.05, 1.18, 0.07, -0.03216, -0.45977, 0.04429, 0.88635
-0.05, 1.17, 0.07, -0.05584, -0.44975, 0.02687, 0.89100
-0.05, 1.17, 0.07, -0.04081, -0.42327, 0.04620, 0.90390
-0.05, 1.18, 0.07, -0.05375, -0.41138, 0.03512, 0.90920
-0.04, 1.17, 0.07, -0.03522, -0.38667, 0.05658, 0.91981
-0.05, 1.17, 0.07, -0.05869, -0.37361, 0.04082, 0.92483
-0.04, 1.17, 0.08, -0.03861, -0.35045, 0.06163, 0.93375
-0.04, 1.17, 0.07, -0.06055, -0.33700, 0.04676, 0.93839
-0.04, 1.17, 0.08, -0.03805, -0.31221, 0.06653, 0.94692
-0.04, 1.17, 0.08, -0.06578, -0.30319, 0.05083, 0.94930
-0.04, 1.17, 0.08, -0.05342, -0.28233, 0.06854, 0.95537
-0.04, 1.17, 0.08, -0.06725, -0.26943, 0.05919, 0.95884
-0.04, 1.17, 0.08, -0.06036, -0.25230, 0.07441, 0.96289
-0.04, 1.17, 0.08, -0.07373, -0.23714, 0.06394, 0.96656
-0.04, 1.17, 0.08, -0.05642, -0.21916, 0.07849, 0.97089
-0.04, 1.17, 0.08, -0.07798, -0.20828, 0.06457, 0.97282
-0.04, 1.17, 0.08, -0.06572, -0.19033, 0.07467, 0.97667
-0.03, 1.17, 0.08, -0.07579, -0.17809, 0.06599, 0.97887
-0.04, 1.17, 0.08, -0.07308, -0.16352, 0.07267, 0.98114
-0.03, 1.17, 0.08, -0.08358, -0.14801, 0.06531, 0.98328
-0.04, 1.17, 0.08, -0.07494, -0.13453, 0.07476, 0.98524
-0.03, 1.17, 0.08, -0.06432, -0.11722, 0.07379, 0.98827
-0.04, 1.18, 0.09, -0.06823, -0.10786, 0.07222, 0.98919
-0.03, 1.17, 0.08, -0.06588, -0.08955, 0.07290, 0.99112
-0.04, 1.18, 0.09, -0.06837, -0.07808, 0.07203, 0.99199
-0.03, 1.18, 0.08, -0.04794, -0.05975, 0.07674, 0.99410
-0.03, 1.18, 0.09, -0.07038, -0.05201, 0.06780, 0.99385
-0.03, 1.18, 0.08, -0.04766, -0.03014, 0.07277, 0.99575
-0.03, 1.18, 0.08, -0.07151, -0.02485, 0.06265, 0.99516
-0.02, 1.18, 0.08, -0.04199, 0.00277, 0.07021, 0.99664
-0.02, 1.17, 0.08, -0.08578, 0.01275, 0.05633, 0.99464
-0.02, 1.18, 0.08, -0.03735, 0.03799, 0.06643, 0.99637
-0.02, 1.18, 0.08, -0.07839, 0.04415, 0.05127, 0.99462
-0.02, 1.17, 0.07, -0.04355, 0.06948, 0.06233, 0.99468
-0.02, 1.18, 0.08, -0.07681, 0.08253, 0.04992, 0.99237
-0.02, 1.17, 0.07, -0.04636, 0.10259, 0.05825, 0.99193
-0.02, 1.17, 0.07, -0.06645, 0.12165, 0.04819, 0.98917
-0.02, 1.17, 0.08, -0.04876, 0.13819, 0.04948, 0.98797
-0.01, 1.17, 0.07, -0.06616, 0.15791, 0.04111, 0.98438
-0.02, 1.17, 0.07, -0.04685, 0.17549, 0.04127, 0.98250
-0.01, 1.17, 0.07, -0.03047, 0.19536, 0.03557, 0.97961
-0.01, 1.18, 0.08, -0.04098, 0.20554, 0.03050, 0.97731
-0.01, 1.17, 0.07, -0.02252, 0.22702, 0.03078, 0.97314
-0.01, 1.17, 0.08, -0.04218, 0.23538, 0.02715, 0.97061
0.00, 1.18, 0.07, -0.00823, 0.25667, 0.02747, 0.96607
-0.01, 1.17, 0.07, -0.04779, 0.26146, 0.02388, 0.96374
0.00, 1.18, 0.07, -0.00720, 0.28629, 0.02399, 0.95781
0.00, 1.17, 0.07, -0.05584, 0.29007, 0.02235, 0.95511
0.00, 1.17, 0.06, -0.03176, 0.31116, 0.02523, 0.94949
0.00, 1.17, 0.07, -0.06492, 0.32071, 0.02237, 0.94468
0.00, 1.17, 0.06, -0.03854, 0.33467, 0.02398, 0.94124
0.00, 1.17, 0.06, -0.06820, 0.34513, 0.02139, 0.93583
0.00, 1.17, 0.07, -0.04994, 0.35438, 0.02360, 0.93347
0.00, 1.17, 0.05, -0.04648, 0.36975, 0.01809, 0.92779
0.00, 1.17, 0.07, -0.05058, 0.37582, 0.01977, 0.92510
0.00, 1.17, 0.05, -0.04473, 0.39382, 0.01709, 0.91794
0.01, 1.17, 0.07, -0.04999, 0.39978, 0.01796, 0.91507
0.01, 1.17, 0.06, -0.01499, 0.41493, 0.01048, 0.90967
0.01, 1.17, 0.06, -0.05300, 0.41710, 0.01566, 0.90718
0.01, 1.17, 0.05, -0.00890, 0.43354, 0.00955, 0.90104
0.01, 1.17, 0.06, -0.06063, 0.43726, 0.01818, 0.89710
0.01, 1.17, 0.05, -0.03138, 0.45248, 0.02075, 0.89098
0.01, 1.17, 0.05, -0.07479, 0.46081, 0.02642, 0.88395
0.01, 1.17, 0.05, -0.03944, 0.47118, 0.02392, 0.88083
0.01, 1.17, 0.05, -0.07727, 0.48141, 0.02866, 0.87261
0.02, 1.17, 0.05, -0.05197, 0.48790, 0.02188, 0.87108
0.02, 1.17, 0.05, -0.00757, 0.49989, 0.00762, 0.86602
0.02, 1.17, 0.05, -0.05065, 0.50661, 0.02274, 0.86039
0.01, 1.17, 0.04, -0.02489, 0.51928, 0.01426, 0.85412
0.02, 1.17, 0.05, -0.05549, 0.51518, 0.02026, 0.85504
0.02, 1.17, 0.04, -0.00380, 0.52678, 0.00377, 0.84999
0.02, 1.17, 0.05, -0.06319, 0.52531, 0.01786, 0.84837
0.02, 1.17, 0.04, -0.01731, 0.53287, 0.00477, 0.84601
0.02, 1.17, 0.04, -0.07916, 0.53700, 0.02360, 0.83953
0.02, 1.16, 0.04, -0.05715, 0.53704, 0.01989, 0.84139
0.02, 1.16, 0.04, -0.08215, 0.54288, 0.02164, 0.83550
0.02, 1.16, 0.05, -0.07129, 0.54193, 0.01631, 0.83723
0.01, 1.16, 0.03, -0.05235, 0.55172, 0.00937, 0.83234
0.02, 1.17, 0.05, -0.07104, 0.54595, 0.00980, 0.83474
0.01, 1.17, 0.04, -0.02326, 0.55201, -0.00485, 0.83350
0.02, 1.17, 0.05, -0.06776, 0.54878, 0.00761, 0.83318
0.02, 1.17, 0.04, -0.00902, 0.54575, -0.01184, 0.83781
0.02, 1.17, 0.04, -0.06654, 0.54509, 0.01085, 0.83566
0.02, 1.17, 0.04, -0.01286, 0.54161, -0.00595, 0.84051
0.02, 1.17, 0.04, -0.06534, 0.54579, 0.01898, 0.83516
0.02, 1.16, 0.04, -0.05877, 0.54536, 0.02091, 0.83588
0.01, 1.16, 0.04, -0.03944, 0.55266, 0.01395, 0.83236
0.02, 1.16, 0.05, -0.06186, 0.54777, 0.02322, 0.83401
0.01, 1.16, 0.04, -0.02279, 0.55544, 0.00624, 0.83122
0.02, 1.17, 0.05, -0.05867, 0.54800, 0.01732, 0.83424
0.02, 1.17, 0.04, 0.00320, 0.54770, -0.00528, 0.83665
0.02, 1.17, 0.04, -0.06128, 0.54533, 0.02368, 0.83564
0.02, 1.17, 0.05, -0.01568, 0.54047, 0.01060, 0.84115
0.01, 1.16, 0.04, -0.05650, 0.54886, 0.03072, 0.83344
0.02, 1.16, 0.05, -0.05899, 0.54289, 0.03448, 0.83702
0.01, 1.16, 0.04, -0.04233, 0.55090, 0.02618, 0.83309
0.02, 1.17, 0.05, -0.06093, 0.54748, 0.02798, 0.83413
0.02, 1.17, 0.05, 0.00317, 0.54377, 0.00423, 0.83922
0.02, 1.17, 0.05, -0.06315, 0.54243, 0.03035, 0.83718
0.02, 1.17, 0.05, -0.00137, 0.53587, 0.01163, 0.84422
0.01, 1.17, 0.04, -0.06856, 0.53845, 0.03759, 0.83902
0.01, 1.16, 0.05, -0.04873, 0.53477, 0.03963, 0.84266
0.01, 1.16, 0.04, -0.04965, 0.54494, 0.03536, 0.83625
0.01, 1.17, 0.05, -0.05886, 0.54078, 0.03913, 0.83819
0.00, 1.17, 0.05, -0.00867, 0.54775, 0.01597, 0.83645
0.01, 1.17, 0.05, -0.05876, 0.54049, 0.03361, 0.83862
0.02, 1.17, 0.05, 0.00693, 0.53859, 0.01090, 0.84247
0.01, 1.17, 0.04, -0.06087, 0.54064, 0.03711, 0.83823
0.01, 1.16, 0.05, -0.04348, 0.53779, 0.03905, 0.84105
0.01, 1.17, 0.05, -0.04613, 0.55001, 0.03464, 0.83317
0.02, 1.17, 0.05, -0.05709, 0.54823, 0.03744, 0.83354
0.00, 1.16, 0.04, -0.00724, 0.55476, 0.01417, 0.83186
0.01, 1.16, 0.05, -0.05356, 0.54887, 0.02972, 0.83366
0.02, 1.17, 0.05, 0.00637, 0.54519, 0.00740, 0.83825
0.01, 1.16, 0.05, -0.05845, 0.54863, 0.03226, 0.83339
0.02, 1.17, 0.05, -0.01879, 0.54161, 0.02173, 0.84014
0.01, 1.16, 0.05, -0.05189, 0.55353, 0.03337, 0.83054
0.01, 1.16, 0.05, -0.05793, 0.55299, 0.03473, 0.83045
0.01, 1.16, 0.04, -0.00318, 0.55736, 0.00796, 0.83023
0.01, 1.17, 0.05, -0.05699, 0.55444, 0.02934, 0.82975
0.02, 1.17, 0.05, 0.01498, 0.55244, -0.00190, 0.83342
0.01, 1.17, 0.04, -0.05717, 0.55164, 0.03151, 0.83153
0.01, 1.16, 0.05, -0.04132, 0.54473, 0.03379, 0.83691
0.01, 1.16, 0.05, -0.04324, 0.55734, 0.02905, 0.82865
0.01, 1.16, 0.05, -0.05563, 0.55103, 0.03734, 0.83179
0.01, 1.17, 0.05, 0.00973, 0.55667, 0.00072, 0.83068
0.01, 1.17, 0.05, -0.05215, 0.55518, 0.02608, 0.82968
0.02, 1.17, 0.05, 0.01548, 0.55006, -0.00049, 0.83498
0.01, 1.16, 0.04, -0.04846, 0.55526, 0.03177, 0.82966
0.01, 1.16, 0.05, -0.04951, 0.54894, 0.03722, 0.83356
0.00, 1.16, 0.04, -0.02217, 0.55967, 0.01935, 0.82819
0.02, 1.16, 0.05, -0.05416, 0.55638, 0.03397, 0.82846
0.02, 1.17, 0.05, 0.01781, 0.55244, -0.00123, 0.83336
0.01, 1.17, 0.04, -0.05116, 0.55448, 0.02736, 0.83017
0.01, 1.17, 0.04, -0.00047, 0.54535, 0.01194, 0.83812
0.01, 1.16, 0.04, -0.04964, 0.55558, 0.03188, 0.82937
0.01, 1.16, 0.05, -0.04894, 0.54811, 0.03902, 0.83406
0.00, 1.16, 0.05, 0.00281, 0.55915, 0.00701, 0.82903
0.02, 1.17, 0.05, -0.05293, 0.55780, 0.03027, 0.82773
0.02, 1.17, 0.05, 0.02103, 0.55197, -0.00171, 0.83360
0.01, 1.17, 0.04, -0.05332, 0.55470, 0.02969, 0.82981
0.01, 1.16, 0.05, -0.04556, 0.54672, 0.03842, 0.83519
0.01, 1.16, 0.05, -0.02670, 0.55855, 0.02316, 0.82871
0.01, 1.16, 0.05, -0.05508, 0.55328, 0.03773, 0.83031
0.01, 1.17, 0.05, 0.00993, 0.55678, 0.00384, 0.83059
0.01, 1.17, 0.04, -0.05318, 0.55293, 0.02986, 0.83099
0.02, 1.17, 0.05, -0.00085, 0.54227, 0.01353, 0.84010
0.01, 1.16, 0.04, -0.05296, 0.55217, 0.03429, 0.83134
0.01, 1.16, 0.05, -0.04855, 0.54500, 0.03945, 0.83610
0.01, 1.17, 0.05, 0.01259, 0.55323, 0.00367, 0.83292
0.01, 1.17, 0.05, -0.05193, 0.55079, 0.03029, 0.83247
0.02, 1.17, 0.05, 0.02219, 0.54279, 0.00096, 0.83958
0.01, 1.17, 0.04, -0.05337, 0.54535, 0.03212, 0.83589
0.01, 1.16, 0.05, -0.03774, 0.53416, 0.03727, 0.84372
0.00, 1.16, 0.05, -0.00370, 0.54419, 0.01655, 0.83879
0.01, 1.17, 0.05, -0.05113, 0.53437, 0.03292, 0.84306
0.01, 1.17, 0.05, 0.02876, 0.52955, 0.00501, 0.84777
0.01, 1.16, 0.05, -0.05665, 0.52106, 0.03748, 0.85082
0.02, 1.17, 0.05, -0.01156, 0.50270, 0.02992, 0.86386
0.01, 1.16, 0.04, -0.03539, 0.50833, 0.03435, 0.85975
0.01, 1.17, 0.06, -0.04144, 0.49040, 0.03966, 0.86961
0.01, 1.17, 0.05, 0.02698, 0.48246, 0.01106, 0.87543
0.01, 1.16, 0.05, -0.06169, 0.47463, 0.03851, 0.87718
0.02, 1.17, 0.06, 0.01127, 0.45299, 0.02020, 0.89121
0.01, 1.17, 0.05, -0.01554, 0.45227, 0.02167, 0.89148
0.02, 1.17, 0.06, -0.04716, 0.43076, 0.03772, 0.90044
0.01, 1.17, 0.05, 0.01369, 0.42236, 0.01378, 0.90622
0.01, 1.16, 0.06, -0.07073, 0.40928, 0.03525, 0.90898
0.01, 1.17, 0.06, 0.01818, 0.38533, 0.01486, 0.92248
0.01, 1.17, 0.05, -0.02103, 0.37935, 0.01659, 0.92487
0.01, 1.17, 0.07, -0.03526, 0.35243, 0.03071, 0.93467
0.01, 1.17, 0.06, 0.00880, 0.34534, 0.01456, 0.93832
0.01, 1.17, 0.07, -0.07185, 0.32738, 0.03551, 0.94149
0.01, 1.17, 0.07, 0.00771, 0.30426, 0.02088, 0.95233
0.01, 1.17, 0.06, -0.02758, 0.30080, 0.01568, 0.95316
0.01, 1.18, 0.07, -0.02597, 0.27042, 0.02777, 0.96199
0.00, 1.17, 0.06, 0.00547, 0.26464, 0.01487, 0.96422
0.00, 1.17, 0.07, -0.07999, 0.24940, 0.02859, 0.96467
0.00, 1.17, 0.07, 0.01182, 0.22226, 0.02371, 0.97463
0.00, 1.17, 0.07, -0.03624, 0.21848, 0.01702, 0.97502
0.00, 1.17, 0.08, -0.05719, 0.19103, 0.03151, 0.97941
0.00, 1.17, 0.07, 0.00607, 0.17925, 0.02469, 0.98348
0.00, 1.17, 0.08, -0.08703, 0.16668, 0.02830, 0.98176
0.00, 1.17, 0.08, 0.00421, 0.13987, 0.02963, 0.98972
-0.01, 1.17, 0.07, -0.06522, 0.13623, 0.01905, 0.98834
-0.01, 1.18, 0.08, -0.05400, 0.10304, 0.03069, 0.99274
-0.01, 1.17, 0.07, -0.00387, 0.09363, 0.02700, 0.99523
-0.01, 1.17, 0.08, -0.09851, 0.08049, 0.02337, 0.99160
-0.01, 1.18, 0.08, -0.00858, 0.05284, 0.03260, 0.99803
-0.01, 1.18, 0.08, -0.03822, 0.04794, 0.01806, 0.99796
-0.02, 1.18, 0.09, -0.06349, 0.01629, 0.02850, 0.99744
-0.01, 1.18, 0.08, -0.01333, 0.00820, 0.02644, 0.99953
-0.02, 1.17, 0.07, -0.08892, -0.00232, 0.01490, 0.99592
-0.02, 1.18, 0.09, -0.03081, -0.03551, 0.03357, 0.99833
-0.02, 1.18, 0.08, -0.04182, -0.03575, 0.02056, 0.99827
-0.02, 1.18, 0.09, -0.07526, -0.06445, 0.02844, 0.99467
-0.02, 1.18, 0.08, -0.02342, -0.07379, 0.03737, 0.99630
-0.02, 1.17, 0.08, -0.10298, -0.07888, 0.01319, 0.99146
-0.03, 1.18, 0.09, -0.03912, -0.10840, 0.03387, 0.99276
-0.02, 1.18, 0.08, -0.04020, -0.10515, 0.02318, 0.99337
-0.03, 1.18, 0.09, -0.08566, -0.12743, 0.01874, 0.98796
-0.03, 1.18, 0.08, -0.02236, -0.13562, 0.03560, 0.98987
-0.03, 1.17, 0.08, -0.09589, -0.13391, 0.00414, 0.98634
-0.03, 1.18, 0.09, -0.04178, -0.15827, 0.02712, 0.98614
-0.03, 1.18, 0.08, -0.01964, -0.15348, 0.02839, 0.98755
-0.03, 1.17, 0.08, -0.10118, -0.15882, 0.00086, 0.98211
-0.03, 1.18, 0.09, -0.01945, -0.17255, 0.03300, 0.98426
-0.03, 1.17, 0.08, -0.08689, -0.16302, 0.00320, 0.98278
-0.03, 1.18, 0.08, -0.06296, -0.17863, 0.02175, 0.98166
-0.03, 1.18, 0.08, -0.01033, -0.16674, 0.03081, 0.98546
-0.03, 1.18, 0.08, -0.08882, -0.16686, 0.00086, 0.98197
-0.03, 1.18, 0.09, -0.02812, -0.17860, 0.03094, 0.98303
-0.03, 1.17, 0.07, -0.04384, -0.15758, 0.01774, 0.98637
-0.04, 1.18, 0.09, -0.07697, -0.15981, 0.00816, 0.98411
-0.03, 1.18, 0.09, 0.00905, -0.15689, 0.03547, 0.98694
-0.03, 1.18, 0.09, -0.07245, -0.15329, 0.00289, 0.98552
-0.03, 1.18, 0.09, -0.02261, -0.16334, 0.03218, 0.98579
-0.03, 1.17, 0.07, -0.01874, -0.13797, 0.02432, 0.98996
-0.03, 1.18, 0.09, -0.06668, -0.14025, 0.00313, 0.98786
-0.03, 1.19, 0.09, 0.01354, -0.14128, 0.03521, 0.98925
-0.02, 1.17, 0.08, -0.06394, -0.13276, 0.00200, 0.98908
-0.03, 1.17, 0.09, -0.06991, -0.13672, 0.01226, 0.98806
-0.03, 1.17, 0.08, -0.00314, -0.11701, 0.02433, 0.99283
-0.03, 1.18, 0.09, -0.05761, -0.11979, -0.00066, 0.99113
-0.03, 1.18, 0.10, -0.00259, -0.12865, 0.02751, 0.99131
-0.02, 1.17, 0.08, -0.03809, -0.10845, 0.00926, 0.99333
-0.03, 1.17, 0.09, -0.06840, -0.11426, 0.00143, 0.99109
-0.03, 1.18, 0.09, 0.02072, -0.10769, 0.02260, 0.99371
-0.03, 1.18, 0.09, -0.05532, -0.10418, -0.00689, 0.99300
-0.03, 1.17, 0.09, -0.06677, -0.11460, 0.00709, 0.99114
-0.03, 1.17, 0.08, -0.00751, -0.09698, 0.01159, 0.99519
-0.03, 1.18, 0.09, -0.06084, -0.09895, -0.00665, 0.99321
-0.02, 1.18, 0.10, -0.01802, -0.11644, 0.01596, 0.99291
-0.02, 1.16, 0.08, -0.05150, -0.09501, -0.00414, 0.99414
-0.03, 1.17, 0.09, -0.07316, -0.10183, 0.00003, 0.99211
-0.02, 1.17, 0.09, -0.03575, -0.09551, 0.00217, 0.99478
-0.03, 1.17, 0.10, -0.07087, -0.08380, -0.01007, 0.99391
-0.02, 1.18, 0.10, -0.00682, -0.10137, 0.01236, 0.99475
-0.01, 1.16, 0.08, -0.05952, -0.08102, -0.01156, 0.99487
-0.02, 1.17, 0.09, -0.07460, -0.08416, -0.00538, 0.99364
-0.02, 1.18, 0.09, 0.01193, -0.08045, 0.00881, 0.99665
-0.02, 1.18, 0.09, -0.06313, -0.07460, -0.01649, 0.99508
-0.02, 1.17, 0.09, -0.05491, -0.09272, 0.00476, 0.99417
-0.02, 1.17, 0.09, 0.00401, -0.07602, 0.00598, 0.99708
-0.01, 1.17, 0.09, -0.06173, -0.07537, -0.01597, 0.99511
-0.02, 1.18, 0.10, -0.00002, -0.09246, 0.01071, 0.99566
-0.01, 1.16, 0.08, -0.05080, -0.07294, -0.00945, 0.99600
-0.02, 1.17, 0.09, -0.07231, -0.07808, -0.00612, 0.99430
-0.02, 1.18, 0.09, 0.01526, -0.07571, 0.00806, 0.99698
-0.02, 1.17, 0.09, -0.06299, -0.07123, -0.01671, 0.99533
-0.02, 1.17, 0.09, -0.05078, -0.09048, 0.00434, 0.99459
-0.02, 1.17, 0.08, -0.02170, -0.07220, -0.00136, 0.99715
-0.02, 1.17, 0.09, -0.06529, -0.07335, -0.01406, 0.99507
-0.02, 1.18, 0.10, 0.01712, -0.09087, 0.01329, 0.99563
-0.01, 1.16, 0.08, -0.04302, -0.07363, -0.00534, 0.99634
-0.02, 1.17, 0.09, -0.07311, -0.07816, -0.00557, 0.99424
-0.02, 1.18, 0.10, 0.02363, -0.08100, 0.01287, 0.99635
-0.01, 1.17, 0.08, -0.06443, -0.07663, -0.01029, 0.99492
-0.01, 1.17, 0.09, -0.07004, -0.08533, 0.00083, 0.99389
-0.02, 1.17, 0.09, 0.00801, -0.07893, 0.01048, 0.99679
-0.02, 1.18, 0.09, -0.06796, -0.07525, -0.01066, 0.99479
-0.01, 1.17, 0.09, -0.04359, -0.09563, 0.01125, 0.99440
-0.01, 1.17, 0.08, -0.02906, -0.07618, 0.00351, 0.99666
-0.02, 1.17, 0.10, -0.07336, -0.07788, -0.00486, 0.99425
-0.02, 1.18, 0.10, 0.02460, -0.08940, 0.01880, 0.99551
-0.02, 1.17, 0.09, -0.04448, -0.07801, -0.00008, 0.99596
-0.02, 1.17, 0.09, -0.07296, -0.08232, -0.00072, 0.99393
-0.02, 1.18, 0.10, 0.01986, -0.08465, 0.01728, 0.99606
-0.01, 1.17, 0.09, -0.06783, -0.07759, -0.00898, 0.99463
-0.01, 1.18, 0.09, -0.02720, -0.09913, 0.01719, 0.99455
-0.02, 1.18, 0.09, 0.00844, -0.08081, 0.01534, 0.99658
-0.02, 1.17, 0.09, -0.06793, -0.07750, -0.00750, 0.99465
-0.01, 1.18, 0.09, -0.00818, -0.09869, 0.01974, 0.99489
-0.02, 1.17, 0.08, -0.02373, -0.07718, 0.00804, 0.99670
-0.02, 1.18, 0.09, -0.07265, -0.07825, -0.00337, 0.99428
-0.02, 1.18, 0.10, 0.02094, -0.09007, 0.02197, 0.99547
-0.01, 1.17, 0.08, -0.06821, -0.07947, -0.00589, 0.99448
-0.02, 1.17, 0.09, -0.07522, -0.08061, 0.00110, 0.99390
-0.02, 1.18, 0.09, 0.01938, -0.08472, 0.02029, 0.99601
-0.02, 1.17, 0.09, -0.06656, -0.07797, -0.00640, 0.99471
-0.01, 1.18, 0.09, -0.02750, -0.09834, 0.01805, 0.99461
-0.02, 1.17, 0.09, -0.04755, -0.07644, 0.00245, 0.99594
-0.02, 1.18, 0.09, -0.06967, -0.07602, -0.00466, 0.99466
-0.02, 1.19, 0.10, 0.01806, -0.09108, 0.02206, 0.99544
-0.01, 1.17, 0.08, -0.06132, -0.07800, -0.00185, 0.99506
-0.02, 1.17, 0.09, -0.06850, -0.08858, 0.00847, 0.99368
-0.02, 1.18, 0.09, 0.02270, -0.08318, 0.02124, 0.99605
-0.01, 1.18, 0.09, -0.06241, -0.07617, -0.00518, 0.99513
-0.02, 1.18, 0.09, -0.02200, -0.09507, 0.01997, 0.99503
-0.02, 1.17, 0.08, 0.00297, -0.07463, 0.01653, 0.99707
-0.02, 1.18, 0.09, -0.06107, -0.07372, -0.00304, 0.99540
-0.02, 1.18, 0.10, 0.01356, -0.08918, 0.02297, 0.99566
-0.01, 1.17, 0.08, -0.06229, -0.07588, -0.00167, 0.99517
-0.02, 1.17, 0.09, -0.06836, -0.07791, 0.00437, 0.99460
-0.02, 1.18, 0.09, 0.01448, -0.07340, 0.01920, 0.99701
-0.02, 1.18, 0.09, -0.05899, -0.07100, -0.00406, 0.99572
-0.02, 1.18, 0.10, -0.01746, -0.09013, 0.01971, 0.99558
-0.01, 1.16, 0.08, -0.05148, -0.07091, 0.00280, 0.99615
-0.02, 1.18, 0.09, -0.06459, -0.07057, -0.00114, 0.99541
-0.02, 1.18, 0.10, 0.02496, -0.07539, 0.02179, 0.99660
-0.01, 1.17, 0.09, -0.06003, -0.06916, -0.00492, 0.99579
-0.02, 1.17, 0.10, -0.02392, -0.08580, 0.01818, 0.99586
-0.02, 1.17, 0.08, 0.00149, -0.06492, 0.01475, 0.99778
-0.02, 1.18, 0.09, -0.05905, -0.06584, -0.00414, 0.99607
-0.02, 1.18, 0.10, 0.02177, -0.07714, 0.02169, 0.99655
-0.01, 1.17, 0.09, -0.06121, -0.06733, -0.00370, 0.99584
-0.02, 1.17, 0.09, -0.06527, -0.07239, 0.00757, 0.99521
-0.02, 1.17, 0.08, 0.00070, -0.06109, 0.01516, 0.99802
-0.02, 1.17, 0.09, -0.05623, -0.06383, -0.00367, 0.99637
-0.02, 1.17, 0.09, -0.02936, -0.08095, 0.01727, 0.99614
-0.02, 1.17, 0.09, -0.04805, -0.06223, 0.00505, 0.99689
-0.02, 1.17, 0.09, -0.06495, -0.06872, 0.00693, 0.99550
-0.02, 1.17, 0.08, 0.00883, -0.06087, 0.01797, 0.99794
-0.02, 1.17, 0.09, -0.05654, -0.06434, -0.00188, 0.99632
-0.02, 1.18, 0.10, -0.01161, -0.07916, 0.02171, 0.99656
-0.02, 1.17, 0.09, -0.04420, -0.06034, 0.00835, 0.99716
-0.02, 1.17, 0.09, -0.06273, -0.06674, 0.00873, 0.99576
-0.02, 1.17, 0.08, 0.01165, -0.05981, 0.02064, 0.99793
-0.01, 1.17, 0.09, -0.05565, -0.06390, 0.00031, 0.99640
-0.01, 1.17, 0.09, -0.00879, -0.07803, 0.02362, 0.99663
-0.01, 1.16, 0.08, -0.05664, -0.06307, 0.00622, 0.99638
-0.02, 1.17, 0.09, -0.05629, -0.06262, 0.00506, 0.99644
-0.02, 1.18, 0.10, 0.02607, -0.06509, 0.02535, 0.99722
-0.02, 1.17, 0.09, -0.05297, -0.06315, 0.00175, 0.99660
-0.02, 1.18, 0.10, 0.00144, -0.07641, 0.02552, 0.99675
-0.02, 1.17, 0.09, -0.03856, -0.05930, 0.01187, 0.99742
-0.02, 1.17, 0.09, -0.05873, -0.06461, 0.01050, 0.99613
-0.02, 1.17, 0.08, 0.01122, -0.05805, 0.02268, 0.99799
-0.02, 1.18, 0.09, -0.04991, -0.06158, 0.00263, 0.99685
-0.02, 1.18, 0.10, 0.01773, -0.07288, 0.02760, 0.99680
-0.02, 1.17, 0.09, -0.05024, -0.06110, 0.00954, 0.99682
-0.02, 1.17, 0.09, -0.05597, -0.06796, 0.01542, 0.99600
-0.02, 1.17, 0.08, -0.00718, -0.05630, 0.01972, 0.99819
-0.02, 1.17, 0.10, -0.05293, -0.06055, 0.00696, 0.99674
-0.02, 1.18, 0.10, 0.00375, -0.07414, 0.02680, 0.99688
-0.01, 1.17, 0.08, -0.05845, -0.06380, 0.00643, 0.99623
-0.02, 1.17, 0.09, -0.04474, -0.07339, 0.02084, 0.99608
-0.02, 1.17, 0.09, -0.03579, -0.05795, 0.01363, 0.99758
-0.02, 1.18, 0.10, -0.04882, -0.06071, 0.00611, 0.99694
-0.01, 1.18, 0.09, 0.02969, -0.06475, 0.02691, 0.99710
-0.01, 1.17, 0.09, -0.05505, -0.06501, 0.00328, 0.99636
-0.02, 1.17, 0.09, -0.01175, -0.07673, 0.02519, 0.99666
-0.02, 1.17, 0.09, -0.03362, -0.05886, 0.01371, 0.99761
-0.02, 1.17, 0.09, -0.05540, -0.06509, 0.01075, 0.99628
-0.02, 1.17, 0.08, 0.00747, -0.05815, 0.02097, 0.99806
-0.02, 1.18, 0.09, -0.04909, -0.06265, 0.00396, 0.99682
-0.02, 1.17, 0.09, -0.00686, -0.07643, 0.02340, 0.99678
-0.01, 1.17, 0.08, -0.05706, -0.06501, 0.00520, 0.99624
-0.02, 1.17, 0.09, -0.04252, -0.07490, 0.01709, 0.99614
-0.02, 1.17, 0.09, -0.03589, -0.05916, 0.01059, 0.99755
-0.02, 1.17, 0.09, -0.04643, -0.06283, 0.00330, 0.99694
-0.02, 1.18, 0.09, 0.02790, -0.06230, 0.02196, 0.99743
-0.02, 1.17, 0.09, -0.04662, -0.06598, -0.00098, 0.99673
-0.02, 1.18, 0.09, 0.00862, -0.07311, 0.02092, 0.99707
-0.01, 1.16, 0.08, -0.04648, -0.06133, 0.00512, 0.99702
-0.02, 1.17, 0.09, -0.04944, -0.06762, 0.00978, 0.99644
-0.02, 1.17, 0.09, -0.01708, -0.05556, 0.01128, 0.99825
-0.02, 1.17, 0.09, -0.04771, -0.05977, 0.00267, 0.99707
-0.02, 1.18, 0.09, 0.02723, -0.06173, 0.01989, 0.99752
-0.01, 1.17, 0.09, -0.04933, -0.06265, -0.00279, 0.99681
-0.02, 1.17, 0.09, -0.00653, -0.07071, 0.01831, 0.99731
-0.01, 1.17, 0.09, -0.05684, -0.06050, -0.00006, 0.99655
-0.02, 1.17, 0.09, -0.05173, -0.06089, 0.00754, 0.99677
-0.01, 1.17, 0.08, -0.01625, -0.05031, 0.01156, 0.99853
-0.02, 1.17, 0.09, -0.04751, -0.05567, 0.00290, 0.99731
-0.01, 1.18, 0.09, 0.02301, -0.05305, 0.01854, 0.99815
-0.01, 1.17, 0.09, -0.05153, -0.05776, -0.00152, 0.99700
-0.01, 1.17, 0.09, -0.00448, -0.06273, 0.01849, 0.99785
-0.01, 1.17, 0.09, -0.05520, -0.05489, 0.00117, 0.99696
-0.02, 1.17, 0.09, -0.03103, -0.06081, 0.01627, 0.99753
-0.01, 1.16, 0.08, -0.02209, -0.04433, 0.01121, 0.99871
-0.02, 1.17, 0.09, -0.04038, -0.04777, 0.00320, 0.99804
-0.02, 1.17, 0.09, 0.01659, -0.04465, 0.01814, 0.99870
-0.02, 1.18, 0.10, -0.03911, -0.04773, 0.00068, 0.99809
-0.02, 1.18, 0.10, 0.01133, -0.05530, 0.01997, 0.99821
-0.01, 1.17, 0.09, -0.05199, -0.05192, 0.00043, 0.99730
-0.01, 1.17, 0.09, -0.01304, -0.05885, 0.01924, 0.99800
-0.01, 1.17, 0.09, -0.05685, -0.05090, 0.00282, 0.99708
-0.02, 1.17, 0.09, -0.04529, -0.04887, 0.00771, 0.99775
-0.01, 1.17, 0.08, -0.00783, -0.04167, 0.01461, 0.99899
-0.02, 1.17, 0.09, -0.04079, -0.04725, 0.00481, 0.99804
-0.02, 1.17, 0.08, 0.01299, -0.04337, 0.01824, 0.99881
-0.02, 1.17, 0.09, -0.04310, -0.05224, 0.00122, 0.99770
-0.02, 1.17, 0.09, -0.03064, -0.05118, 0.01230, 0.99814
-0.01, 1.17, 0.09, -0.02337, -0.04755, 0.01154, 0.99853
-0.02, 1.17, 0.09, -0.04121, -0.04626, 0.00658, 0.99806
-0.02, 1.17, 0.09, -0.03312, -0.04345, 0.01090, 0.99845
-0.02, 1.17, 0.09, -0.04262, -0.04799, 0.00460, 0.99793
-0.01, 1.18, 0.09, 0.01654, -0.04803, 0.01922, 0.99852
-0.02, 1.18, 0.09, -0.04387, -0.05254, 0.00197, 0.99765
-0.01, 1.18, 0.09, 0.01785, -0.05060, 0.01946, 0.99837
-0.02, 1.18, 0.09, -0.04661, -0.05401, 0.00046, 0.99745
-0.01, 1.17, 0.09, -0.01784, -0.05750, 0.01684, 0.99804
-0.01, 1.17, 0.08, -0.04876, -0.04898, 0.00539, 0.99759
-0.01, 1.17, 0.09, -0.03111, -0.05884, 0.01549, 0.99766
-0.01, 1.16, 0.08, -0.05332, -0.04972, 0.00439, 0.99733
-0.02, 1.17, 0.09, -0.04504, -0.04971, 0.00575, 0.99773
-0.01, 1.17, 0.08, -0.01874, -0.04507, 0.01120, 0.99875
