-0.12, 1.23, 0.11, 0.05133, -0.14389, 0.01867, 0.98808
-0.12, 1.23, 0.11, 0.05093, -0.14330, 0.01958, 0.98817
-0.12, 1.23, 0.11, 0.05044, -0.14235, 0.02098, 0.98831
-0.12, 1.23, 0.11, 0.04993, -0.14227, 0.02127, 0.98834
-0.12, 1.23, 0.11, 0.04947, -0.14214, 0.02134, 0.98838
-0.12, 1.23, 0.11, 0.04917, -0.14203, 0.02162, 0.98840
-0.12, 1.23, 0.11, 0.04883, -0.14188, 0.02166, 0.98844
-0.12, 1.23, 0.11, 0.04853, -0.14205, 0.02164, 0.98843
-0.12, 1.23, 0.11, 0.04829, -0.14219, 0.02161, 0.98842
-0.12, 1.23, 0.11, 0.04797, -0.14233, 0.02157, 0.98842
-0.12, 1.23, 0.11, 0.04751, -0.14245, 0.02159, 0.98843
-0.12, 1.23, 0.11, 0.04728, -0.14269, 0.02169, 0.98840
-0.12, 1.23, 0.11, 0.04677, -0.14283, 0.02170, 0.98840
-0.12, 1.23, 0.11, 0.04653, -0.14294, 0.02152, 0.98840
-0.12, 1.23, 0.11, 0.04621, -0.14286, 0.02126, 0.98843
-0.12, 1.23, 0.11, 0.04588, -0.14266, 0.02103, 0.98848
-0.12, 1.23, 0.11, 0.04587, -0.14249, 0.02097, 0.98851
-0.12, 1.23, 0.11, 0.04585, -0.14224, 0.02101, 0.98855
-0.12, 1.23, 0.11, 0.04596, -0.14216, 0.02111, 0.98855
-0.12, 1.23, 0.11, 0.04631, -0.14199, 0.02142, 0.98855
-0.12, 1.23, 0.11, 0.04668, -0.14180, 0.02160, 0.98856
-0.12, 1.23, 0.11, 0.04728, -0.14153, 0.02189, 0.98856
-0.12, 1.23, 0.11, 0.04802, -0.14154, 0.02263, 0.98851
-0.12, 1.23, 0.11, 0.04905, -0.14164, 0.02353, 0.98842
-0.12, 1.23, 0.11, 0.04992, -0.14196, 0.02434, 0.98831
-0.12, 1.23, 0.11, 0.05069, -0.14231, 0.02468, 0.98821
-0.12, 1.23, 0.11, 0.05111, -0.14267, 0.02496, 0.98813
-0.12, 1.23, 0.11, 0.05068, -0.14315, 0.02520, 0.98808
-0.12, 1.23, 0.11, 0.05023, -0.14365, 0.02516, 0.98803
-0.12, 1.23, 0.11, 0.04989, -0.14394, 0.02516, 0.98801
-0.12, 1.23, 0.11, 0.04960, -0.14424, 0.02525, 0.98798
-0.12, 1.23, 0.11, 0.04935, -0.14446, 0.02512, 0.98796
-0.12, 1.23, 0.11, 0.04904, -0.14474, 0.02517, 0.98793
-0.12, 1.23, 0.11, 0.04878, -0.14486, 0.02521, 0.98793
-0.12, 1.23, 0.11, 0.04872, -0.14506, 0.02536, 0.98790
-0.12, 1.23, 0.11, 0.04845, -0.14522, 0.02542, 0.98789
-0.12, 1.23, 0.11, 0.04815, -0.14525, 0.02549, 0.98789
-0.12, 1.23, 0.11, 0.04802, -0.14537, 0.02556, 0.98788
-0.12, 1.23, 0.11, 0.04773, -0.14548, 0.02554, 0.98788
-0.12, 1.23, 0.11, 0.04713, -0.14548, 0.02525, 0.98792
-0.12, 1.23, 0.11, 0.04692, -0.14550, 0.02510, 0.98793
-0.12, 1.23, 0.11, 0.04688, -0.14540, 0.02487, 0.98795
-0.12, 1.23, 0.11, 0.04674, -0.14536, 0.02485, 0.98796
-0.12, 1.23, 0.11, 0.04677, -0.14525, 0.02472, 0.98798
-0.12, 1.23, 0.11, 0.04700, -0.14521, 0.02463, 0.98798
-0.12, 1.23, 0.11, 0.04703, -0.14500, 0.02454, 0.98801
-0.12, 1.23, 0.11, 0.04784, -0.14469, 0.02433, 0.98802
-0.12, 1.23, 0.11, 0.04854, -0.14425, 0.02416, 0.98805
-0.12, 1.23, 0.11, 0.04899, -0.14386, 0.02404, 0.98809
-0.12, 1.23, 0.11, 0.04913, -0.14338, 0.02377, 0.98816
-0.12, 1.23, 0.11, 0.04896, -0.14288, 0.02394, 0.98824
-0.12, 1.23, 0.11, 0.04880, -0.14227, 0.02393, 0.98833
-0.12, 1.23, 0.11, 0.04876, -0.14176, 0.02437, 0.98840
-0.12, 1.23, 0.11, 0.04850, -0.14136, 0.02461, 0.98846
-0.12, 1.23, 0.11, 0.04809, -0.14090, 0.02479, 0.98854
-0.12, 1.23, 0.11, 0.04754, -0.14069, 0.02512, 0.98859
-0.12, 1.23, 0.11, 0.04712, -0.14055, 0.02538, 0.98863
-0.12, 1.23, 0.11, 0.04691, -0.14070, 0.02564, 0.98861
-0.12, 1.23, 0.11, 0.04660, -0.14081, 0.02595, 0.98860
-0.12, 1.23, 0.11, 0.04643, -0.14122, 0.02585, 0.98855
-0.12, 1.23, 0.11, 0.04627, -0.14159, 0.02561, 0.98851
-0.12, 1.23, 0.11, 0.04584, -0.14194, 0.02540, 0.98849
-0.12, 1.23, 0.11, 0.04546, -0.14221, 0.02488, 0.98848
-0.12, 1.23, 0.11, 0.04530, -0.14270, 0.02457, 0.98842
-0.12, 1.23, 0.11, 0.04520, -0.14300, 0.02425, 0.98839
-0.12, 1.23, 0.11, 0.04510, -0.14313, 0.02373, 0.98839
-0.12, 1.23, 0.11, 0.04515, -0.14312, 0.02335, 0.98840
-0.12, 1.23, 0.11, 0.04517, -0.14298, 0.02309, 0.98842
-0.12, 1.23, 0.11, 0.04527, -0.14267, 0.02294, 0.98847
-0.12, 1.23, 0.11, 0.04546, -0.14229, 0.02299, 0.98851
-0.12, 1.23, 0.11, 0.04572, -0.14182, 0.02323, 0.98856
-0.12, 1.23, 0.11, 0.04614, -0.14106, 0.02359, 0.98864
-0.12, 1.23, 0.11, 0.04663, -0.14044, 0.02390, 0.98870
-0.12, 1.23, 0.11, 0.04702, -0.13964, 0.02416, 0.98879
-0.12, 1.23, 0.11, 0.04725, -0.13905, 0.02450, 0.98885
-0.12, 1.23, 0.11, 0.04749, -0.13829, 0.02486, 0.98894
-0.12, 1.23, 0.11, 0.04763, -0.13765, 0.02522, 0.98901
-0.12, 1.23, 0.11, 0.04759, -0.13716, 0.02518, 0.98909
-0.12, 1.23, 0.11, 0.04783, -0.13647, 0.02542, 0.98916
-0.12, 1.23, 0.11, 0.04782, -0.13579, 0.02557, 0.98925
-0.12, 1.23, 0.11, 0.04770, -0.13534, 0.02558, 0.98932
-0.12, 1.23, 0.11, 0.04782, -0.13485, 0.02548, 0.98938
-0.12, 1.23, 0.11, 0.04814, -0.13454, 0.02530, 0.98941
-0.12, 1.23, 0.11, 0.04815, -0.13417, 0.02505, 0.98947
-0.12, 1.23, 0.11, 0.04827, -0.13386, 0.02476, 0.98952
-0.12, 1.23, 0.11, 0.04851, -0.13351, 0.02447, 0.98956
-0.12, 1.23, 0.11, 0.04866, -0.13302, 0.02414, 0.98962
-0.12, 1.23, 0.11, 0.04892, -0.13249, 0.02373, 0.98969
-0.12, 1.23, 0.11, 0.04914, -0.13197, 0.02357, 0.98975
-0.12, 1.23, 0.11, 0.04943, -0.13140, 0.02339, 0.98982
-0.12, 1.23, 0.11, 0.04970, -0.13064, 0.02316, 0.98991
-0.12, 1.23, 0.11, 0.04969, -0.12993, 0.02294, 0.99001
-0.12, 1.23, 0.11, 0.04963, -0.12898, 0.02270, 0.99014
-0.12, 1.23, 0.11, 0.04942, -0.12803, 0.02236, 0.99029
-0.12, 1.23, 0.11, 0.04914, -0.12711, 0.02224, 0.99042
-0.12, 1.23, 0.11, 0.04893, -0.12603, 0.02245, 0.99056
-0.12, 1.23, 0.11, 0.04870, -0.12500, 0.02250, 0.99071
-0.12, 1.23, 0.11, 0.04853, -0.12394, 0.02247, 0.99085
-0.12, 1.23, 0.11, 0.04851, -0.12279, 0.02236, 0.99099
-0.12, 1.23, 0.11, 0.04813, -0.12195, 0.02228, 0.99112
-0.11, 1.23, 0.11, 0.04721, -0.12095, 0.02209, 0.99129
-0.11, 1.23, 0.11, 0.04691, -0.11986, 0.02218, 0.99143
-0.11, 1.23, 0.11, 0.04697, -0.11875, 0.02238, 0.99156
-0.11, 1.23, 0.11, 0.04652, -0.11799, 0.02217, 0.99168
-0.11, 1.23, 0.11, 0.04586, -0.11714, 0.02206, 0.99181
-0.11, 1.23, 0.11, 0.04530, -0.11599, 0.02190, 0.99198
-0.11, 1.23, 0.11, 0.04470, -0.11522, 0.02178, 0.99209
-0.11, 1.23, 0.11, 0.04373, -0.11419, 0.02182, 0.99226
-0.11, 1.23, 0.11, 0.04262, -0.11318, 0.02150, 0.99243
-0.11, 1.23, 0.11, 0.04141, -0.11209, 0.02154, 0.99260
-0.11, 1.23, 0.11, 0.03999, -0.11081, 0.02144, 0.99281
-0.11, 1.23, 0.11, 0.03852, -0.10946, 0.02151, 0.99301
-0.11, 1.23, 0.11, 0.03708, -0.10827, 0.02163, 0.99319
-0.11, 1.23, 0.11, 0.03532, -0.10684, 0.02212, 0.99340
-0.11, 1.23, 0.11, 0.03326, -0.10522, 0.02262, 0.99364
-0.11, 1.23, 0.11, 0.03129, -0.10377, 0.02300, 0.99384
-0.11, 1.23, 0.11, 0.02930, -0.10236, 0.02330, 0.99404
-0.11, 1.23, 0.11, 0.02753, -0.10082, 0.02378, 0.99424
-0.11, 1.23, 0.11, 0.02568, -0.09933, 0.02419, 0.99443
-0.11, 1.23, 0.11, 0.02424, -0.09778, 0.02420, 0.99462
-0.11, 1.23, 0.11, 0.02238, -0.09639, 0.02440, 0.99479
-0.11, 1.24, 0.11, 0.02027, -0.09496, 0.02461, 0.99497
-0.11, 1.24, 0.11, 0.01760, -0.09341, 0.02488, 0.99516
-0.11, 1.24, 0.11, 0.01515, -0.09194, 0.02506, 0.99533
-0.11, 1.24, 0.11, 0.01276, -0.09038, 0.02539, 0.99550
-0.11, 1.24, 0.11, 0.01045, -0.08892, 0.02552, 0.99566
-0.11, 1.24, 0.11, 0.00804, -0.08756, 0.02585, 0.99579
-0.11, 1.24, 0.11, 0.00538, -0.08611, 0.02612, 0.99593
-0.11, 1.24, 0.11, 0.00234, -0.08454, 0.02639, 0.99607
-0.11, 1.24, 0.11, -0.00092, -0.08282, 0.02672, 0.99621
-0.11, 1.24, 0.11, -0.00402, -0.08129, 0.02703, 0.99632
-0.11, 1.24, 0.11, -0.00727, -0.07967, 0.02744, 0.99642
-0.11, 1.24, 0.11, -0.01072, -0.07814, 0.02784, 0.99650
-0.11, 1.24, 0.11, -0.01446, -0.07641, 0.02876, 0.99656
-0.11, 1.24, 0.11, -0.01853, -0.07470, 0.02998, 0.99658
-0.11, 1.24, 0.11, -0.02355, -0.07270, 0.03165, 0.99657
-0.11, 1.24, 0.11, -0.02873, -0.07047, 0.03372, 0.99653
-0.11, 1.24, 0.10, -0.03376, -0.06827, 0.03615, 0.99644
-0.11, 1.24, 0.10, -0.03937, -0.06562, 0.03859, 0.99632
-0.11, 1.24, 0.10, -0.04545, -0.06332, 0.04106, 0.99611
-0.11, 1.24, 0.10, -0.05244, -0.06070, 0.04321, 0.99584
-0.11, 1.24, 0.10, -0.05892, -0.05813, 0.04512, 0.99555
-0.11, 1.25, 0.10, -0.06432, -0.05542, 0.04663, 0.99530
-0.11, 1.25, 0.10, -0.06850, -0.05293, 0.04782, 0.99510
-0.11, 1.25, 0.10, -0.07223, -0.05076, 0.04898, 0.99489
-0.11, 1.25, 0.10, -0.07582, -0.04886, 0.04993, 0.99467
-0.11, 1.25, 0.10, -0.07919, -0.04710, 0.05093, 0.99444
-0.11, 1.25, 0.10, -0.08230, -0.04543, 0.05150, 0.99424
-0.11, 1.25, 0.10, -0.08538, -0.04394, 0.05229, 0.99400
-0.11, 1.25, 0.10, -0.08878, -0.04257, 0.05252, 0.99375
-0.11, 1.25, 0.10, -0.09141, -0.04157, 0.05269, 0.99355
-0.11, 1.25, 0.10, -0.09360, -0.04052, 0.05264, 0.99339
-0.11, 1.25, 0.10, -0.09523, -0.03962, 0.05279, 0.99327
-0.11, 1.25, 0.10, -0.09698, -0.03866, 0.05260, 0.99314
-0.11, 1.25, 0.10, -0.09848, -0.03784, 0.05247, 0.99303
-0.11, 1.25, 0.10, -0.09995, -0.03704, 0.05214, 0.99294
-0.11, 1.25, 0.10, -0.10154, -0.03667, 0.05178, 0.99281
-0.11, 1.25, 0.10, -0.10262, -0.03621, 0.05110, 0.99275
-0.11, 1.25, 0.10, -0.10304, -0.03609, 0.05011, 0.99276
-0.11, 1.25, 0.10, -0.10290, -0.03575, 0.04968, 0.99281
-0.11, 1.25, 0.10, -0.10331, -0.03499, 0.04936, 0.99281
-0.11, 1.25, 0.10, -0.10336, -0.03444, 0.04937, 0.99282
-0.11, 1.25, 0.10, -0.10339, -0.03369, 0.04921, 0.99285
-0.11, 1.25, 0.10, -0.10343, -0.03344, 0.04910, 0.99286
-0.11, 1.25, 0.10, -0.10352, -0.03334, 0.04880, 0.99287
-0.11, 1.25, 0.10, -0.10322, -0.03316, 0.04837, 0.99293
-0.11, 1.25, 0.10, -0.10296, -0.03302, 0.04813, 0.99297
-0.11, 1.25, 0.10, -0.10288, -0.03274, 0.04786, 0.99300
-0.11, 1.25, 0.10, -0.10213, -0.03241, 0.04787, 0.99309
-0.11, 1.25, 0.10, -0.10131, -0.03218, 0.04777, 0.99319
-0.11, 1.25, 0.10, -0.10019, -0.03196, 0.04800, 0.99330
-0.11, 1.25, 0.10, -0.09886, -0.03148, 0.04839, 0.99343
-0.11, 1.25, 0.10, -0.09746, -0.03071, 0.04880, 0.99357
-0.11, 1.25, 0.10, -0.09587, -0.02991, 0.04960, 0.99371
-0.11, 1.25, 0.10, -0.09433, -0.02906, 0.05030, 0.99384
-0.11, 1.25, 0.10, -0.09284, -0.02851, 0.05100, 0.99397
-0.11, 1.25, 0.10, -0.09170, -0.02786, 0.05164, 0.99406
-0.11, 1.25, 0.10, -0.09070, -0.02712, 0.05234, 0.99413
-0.11, 1.25, 0.10, -0.08983, -0.02660, 0.05278, 0.99420
-0.11, 1.25, 0.10, -0.08885, -0.02597, 0.05318, 0.99429
-0.11, 1.25, 0.10, -0.08768, -0.02548, 0.05354, 0.99438
-0.11, 1.25, 0.10, -0.08649, -0.02516, 0.05377, 0.99448
-0.11, 1.25, 0.10, -0.08560, -0.02503, 0.05411, 0.99454
-0.11, 1.25, 0.10, -0.08476, -0.02513, 0.05425, 0.99461
-0.11, 1.25, 0.10, -0.08414, -0.02558, 0.05435, 0.99464
-0.11, 1.25, 0.10, -0.08372, -0.02623, 0.05430, 0.99466
-0.11, 1.25, 0.10, -0.08298, -0.02712, 0.05426, 0.99470
-0.11, 1.25, 0.10, -0.08240, -0.02797, 0.05409, 0.99474
-0.11, 1.25, 0.10, -0.08178, -0.02888, 0.05412, 0.99476
-0.11, 1.25, 0.10, -0.08086, -0.02977, 0.05400, 0.99482
-0.11, 1.25, 0.10, -0.07993, -0.03130, 0.05405, 0.99484
-0.11, 1.25, 0.10, -0.07922, -0.03274, 0.05411, 0.99485
-0.11, 1.25, 0.10, -0.07848, -0.03445, 0.05439, 0.99483
-0.11, 1.25, 0.10, -0.07793, -0.03652, 0.05468, 0.99479
-0.11, 1.25, 0.10, -0.07737, -0.03866, 0.05492, 0.99474
-0.11, 1.24, 0.10, -0.07653, -0.04109, 0.05528, 0.99469
-0.11, 1.24, 0.10, -0.07542, -0.04371, 0.05550, 0.99465
-0.11, 1.24, 0.10, -0.07432, -0.04692, 0.05543, 0.99459
-0.11, 1.24, 0.10, -0.07320, -0.05010, 0.05554, 0.99451
-0.11, 1.24, 0.10, -0.07217, -0.05354, 0.05566, 0.99440
-0.11, 1.24, 0.10, -0.07114, -0.05729, 0.05600, 0.99424
-0.11, 1.24, 0.10, -0.07016, -0.06110, 0.05620, 0.99408
-0.11, 1.24, 0.10, -0.06871, -0.06560, 0.05647, 0.99387
-0.11, 1.24, 0.10, -0.06681, -0.07045, 0.05657, 0.99367
-0.11, 1.24, 0.10, -0.06564, -0.07539, 0.05657, 0.99338
-0.11, 1.24, 0.10, -0.06519, -0.08054, 0.05628, 0.99302
-0.11, 1.24, 0.10, -0.06476, -0.08510, 0.05592, 0.99269
-0.12, 1.24, 0.10, -0.06396, -0.08967, 0.05556, 0.99236
-0.12, 1.24, 0.10, -0.06289, -0.09412, 0.05526, 0.99204
-0.12, 1.24, 0.10, -0.06192, -0.09870, 0.05454, 0.99169
-0.12, 1.24, 0.10, -0.06113, -0.10331, 0.05386, 0.99131
-0.12, 1.24, 0.10, -0.06040, -0.10747, 0.05341, 0.99093
-0.12, 1.24, 0.10, -0.06018, -0.11143, 0.05289, 0.99054
-0.12, 1.24, 0.10, -0.05979, -0.11506, 0.05271, 0.99016
-0.12, 1.24, 0.10, -0.05929, -0.11844, 0.05227, 0.98981
-0.12, 1.24, 0.10, -0.05858, -0.12187, 0.05208, 0.98945
-0.12, 1.24, 0.10, -0.05781, -0.12521, 0.05200, 0.98908
-0.12, 1.24, 0.10, -0.05719, -0.12860, 0.05217, 0.98867
-0.12, 1.24, 0.10, -0.05650, -0.13217, 0.05202, 0.98825
-0.12, 1.24, 0.10, -0.05629, -0.13537, 0.05197, 0.98783
-0.12, 1.24, 0.10, -0.05631, -0.13848, 0.05163, 0.98741
-0.12, 1.24, 0.10, -0.05599, -0.14122, 0.05129, 0.98706
-0.12, 1.24, 0.10, -0.05548, -0.14369, 0.05091, 0.98675
-0.12, 1.24, 0.10, -0.05489, -0.14621, 0.05046, 0.98644
-0.12, 1.24, 0.10, -0.05425, -0.14878, 0.05010, 0.98611
-0.12, 1.24, 0.10, -0.05361, -0.15142, 0.04963, 0.98577
-0.12, 1.24, 0.10, -0.05321, -0.15387, 0.04934, 0.98542
-0.13, 1.24, 0.10, -0.05262, -0.15864, 0.04841, 0.98474
-0.13, 1.24, 0.10, -0.05251, -0.16067, 0.04803, 0.98444
-0.13, 1.24, 0.10, -0.05217, -0.16264, 0.04761, 0.98415
-0.13, 1.24, 0.10, -0.05165, -0.16442, 0.04722, 0.98390
-0.13, 1.24, 0.10, -0.05093, -0.16640, 0.04692, 0.98362
-0.13, 1.24, 0.10, -0.05022, -0.16846, 0.04678, 0.98332
-0.13, 1.24, 0.10, -0.04984, -0.17031, 0.04650, 0.98303
-0.13, 1.24, 0.10, -0.04936, -0.17214, 0.04637, 0.98274
-0.13, 1.24, 0.10, -0.04897, -0.17380, 0.04612, 0.98248
-0.13, 1.24, 0.10, -0.04837, -0.17531, 0.04612, 0.98224
-0.13, 1.24, 0.10, -0.04771, -0.17698, 0.04567, 0.98200
-0.13, 1.24, 0.10, -0.04646, -0.17860, 0.04542, 0.98177
-0.13, 1.24, 0.10, -0.04498, -0.18009, 0.04510, 0.98159
-0.13, 1.24, 0.10, -0.04354, -0.18184, 0.04491, 0.98134
-0.13, 1.24, 0.10, -0.04272, -0.18369, 0.04474, 0.98104
-0.13, 1.24, 0.10, -0.04249, -0.18535, 0.04463, 0.98074
-0.13, 1.24, 0.10, -0.04229, -0.18695, 0.04443, 0.98045
-0.13, 1.24, 0.10, -0.04190, -0.18838, 0.04428, 0.98020
-0.13, 1.24, 0.10, -0.04109, -0.18982, 0.04379, 0.97998
-0.13, 1.24, 0.10, -0.04008, -0.19129, 0.04338, 0.97976
-0.13, 1.24, 0.10, -0.03916, -0.19280, 0.04303, 0.97951
-0.13, 1.24, 0.10, -0.03844, -0.19420, 0.04278, 0.97927
-0.13, 1.24, 0.10, -0.03759, -0.19558, 0.04254, 0.97904
-0.13, 1.24, 0.10, -0.03725, -0.19661, 0.04225, 0.97886
-0.13, 1.24, 0.10, -0.03736, -0.19748, 0.04213, 0.97869
-0.13, 1.24, 0.10, -0.03708, -0.19805, 0.04200, 0.97859
-0.13, 1.24, 0.10, -0.03673, -0.19860, 0.04199, 0.97849
-0.13, 1.24, 0.10, -0.03640, -0.19900, 0.04193, 0.97843
-0.13, 1.24, 0.10, -0.03616, -0.19972, 0.04205, 0.97828
-0.13, 1.24, 0.10, -0.03590, -0.20009, 0.04206, 0.97822
-0.13, 1.24, 0.10, -0.03539, -0.20063, 0.04210, 0.97812
-0.13, 1.24, 0.10, -0.03513, -0.20110, 0.04211, 0.97803
-0.13, 1.24, 0.10, -0.03495, -0.20149, 0.04198, 0.97797
-0.13, 1.24, 0.10, -0.03470, -0.20178, 0.04216, 0.97791
-0.13, 1.24, 0.10, -0.03439, -0.20233, 0.04226, 0.97780
-0.13, 1.24, 0.10, -0.03415, -0.20258, 0.04220, 0.97776
-0.13, 1.24, 0.10, -0.03428, -0.20294, 0.04205, 0.97769
-0.13, 1.24, 0.10, -0.03432, -0.20327, 0.04197, 0.97762
-0.13, 1.24, 0.10, -0.03434, -0.20322, 0.04199, 0.97763
-0.13, 1.24, 0.10, -0.03413, -0.20342, 0.04215, 0.97759
-0.13, 1.24, 0.10, -0.03409, -0.20345, 0.04233, 0.97758
-0.13, 1.24, 0.10, -0.03380, -0.20369, 0.04246, 0.97753
-0.13, 1.24, 0.10, -0.03339, -0.20378, 0.04255, 0.97752
-0.13, 1.24, 0.10, -0.03344, -0.20397, 0.04272, 0.97747
-0.13, 1.24, 0.10, -0.03311, -0.20411, 0.04282, 0.97745
-0.13, 1.24, 0.10, -0.03289, -0.20445, 0.04299, 0.97738
-0.13, 1.24, 0.10, -0.03279, -0.20446, 0.04307, 0.97738
-0.13, 1.24, 0.10, -0.03264, -0.20427, 0.04313, 0.97742
-0.13, 1.24, 0.10, -0.03251, -0.20437, 0.04334, 0.97739
-0.13, 1.24, 0.10, -0.03215, -0.20440, 0.04337, 0.97740
-0.13, 1.24, 0.10, -0.03151, -0.20449, 0.04355, 0.97739
-0.13, 1.24, 0.10, -0.03094, -0.20456, 0.04346, 0.97740
-0.13, 1.24, 0.10, -0.02988, -0.20473, 0.04348, 0.97740
-0.13, 1.24, 0.10, -0.02876, -0.20485, 0.04321, 0.97742
-0.13, 1.24, 0.10, -0.02791, -0.20522, 0.04256, 0.97739
-0.13, 1.24, 0.10, -0.02864, -0.20642, 0.04146, 0.97716
-0.13, 1.24, 0.10, -0.02778, -0.20840, 0.04084, 0.97680
-0.13, 1.24, 0.10, -0.02741, -0.21119, 0.04007, 0.97624
-0.13, 1.24, 0.10, -0.02762, -0.21511, 0.03878, 0.97543
-0.13, 1.24, 0.10, -0.02765, -0.21988, 0.03777, 0.97440
-0.14, 1.24, 0.10, -0.02907, -0.22630, 0.03704, 0.97292
-0.14, 1.24, 0.10, -0.02943, -0.23330, 0.03664, 0.97127
-0.14, 1.24, 0.10, -0.02886, -0.24119, 0.03587, 0.96939
-0.14, 1.24, 0.10, -0.02767, -0.25005, 0.03502, 0.96720
-0.14, 1.24, 0.09, -0.02600, -0.25979, 0.03344, 0.96474
-0.14, 1.24, 0.09, -0.02392, -0.26964, 0.03230, 0.96212
-0.14, 1.24, 0.09, -0.02076, -0.28023, 0.03210, 0.95917
-0.14, 1.23, 0.09, -0.01729, -0.29235, 0.03290, 0.95559
-0.15, 1.23, 0.09, -0.01321, -0.30494, 0.03449, 0.95166
-0.15, 1.23, 0.09, -0.01146, -0.31778, 0.03702, 0.94737
-0.15, 1.23, 0.09, -0.01027, -0.32913, 0.03871, 0.94343
-0.15, 1.23, 0.09, -0.01029, -0.34012, 0.04083, 0.93944
-0.15, 1.23, 0.09, -0.01001, -0.35016, 0.04269, 0.93566
-0.15, 1.23, 0.09, -0.00836, -0.36010, 0.04467, 0.93181
-0.15, 1.23, 0.09, -0.00609, -0.36948, 0.04572, 0.92809
-0.16, 1.23, 0.09, -0.00332, -0.37817, 0.04629, 0.92457
-0.16, 1.23, 0.09, -0.00059, -0.38538, 0.04565, 0.92163
-0.16, 1.23, 0.09, 0.00191, -0.39120, 0.04424, 0.91924
-0.16, 1.23, 0.09, 0.00566, -0.39600, 0.04287, 0.91723
-0.16, 1.23, 0.09, 0.01144, -0.39892, 0.04332, 0.91589
-0.16, 1.23, 0.09, 0.01735, -0.40026, 0.04529, 0.91512
-0.16, 1.23, 0.09, 0.01958, -0.40209, 0.04463, 0.91430
-0.16, 1.23, 0.09, 0.02118, -0.40325, 0.04327, 0.91382
-0.16, 1.23, 0.09, 0.02264, -0.40360, 0.04309, 0.91364
-0.16, 1.23, 0.09, 0.02413, -0.40332, 0.04561, 0.91361
-0.16, 1.23, 0.09, 0.02453, -0.40282, 0.04716, 0.91374
-0.16, 1.23, 0.09, 0.02411, -0.40194, 0.04737, 0.91412
-0.16, 1.23, 0.09, 0.02355, -0.40094, 0.04644, 0.91462
-0.16, 1.23, 0.09, 0.02303, -0.40030, 0.04536, 0.91497
-0.16, 1.23, 0.09, 0.02330, -0.39912, 0.04499, 0.91550
-0.16, 1.23, 0.09, 0.02380, -0.39754, 0.04457, 0.91619
-0.16, 1.23, 0.09, 0.02358, -0.39596, 0.04352, 0.91693
-0.16, 1.23, 0.09, 0.02330, -0.39440, 0.04294, 0.91764
-0.16, 1.23, 0.10, 0.02334, -0.39314, 0.04322, 0.91816
-0.16, 1.23, 0.10, 0.02298, -0.39198, 0.04348, 0.91866
-0.16, 1.23, 0.10, 0.02274, -0.39086, 0.04308, 0.91916
-0.16, 1.23, 0.10, 0.02305, -0.38933, 0.04305, 0.91980
-0.16, 1.23, 0.10, 0.02338, -0.38765, 0.04286, 0.92051
-0.16, 1.23, 0.10, 0.02365, -0.38568, 0.04236, 0.92136
-0.16, 1.23, 0.10, 0.02341, -0.38369, 0.04125, 0.92224
-0.16, 1.23, 0.10, 0.02329, -0.38166, 0.04055, 0.92312
-0.16, 1.23, 0.10, 0.02298, -0.37989, 0.04032, 0.92387
-0.16, 1.23, 0.10, 0.02298, -0.37832, 0.04025, 0.92451
-0.16, 1.23, 0.10, 0.02371, -0.37696, 0.04027, 0.92505
-0.16, 1.23, 0.10, 0.02386, -0.37529, 0.03970, 0.92575
-0.16, 1.23, 0.10, 0.02341, -0.37383, 0.03878, 0.92639
-0.16, 1.23, 0.10, 0.02322, -0.37251, 0.03817, 0.92695
-0.16, 1.23, 0.10, 0.02224, -0.37149, 0.03740, 0.92742
-0.16, 1.23, 0.10, 0.02236, -0.37037, 0.03746, 0.92786
-0.16, 1.23, 0.10, 0.02258, -0.36967, 0.03771, 0.92812
-0.16, 1.23, 0.10, 0.02201, -0.36918, 0.03790, 0.92832
-0.16, 1.23, 0.10, 0.02083, -0.36883, 0.03743, 0.92851
-0.16, 1.23, 0.10, 0.02014, -0.36828, 0.03768, 0.92873
-0.16, 1.23, 0.10, 0.02078, -0.36769, 0.03850, 0.92892
-0.16, 1.23, 0.10, 0.02143, -0.36729, 0.03885, 0.92905
-0.16, 1.23, 0.10, 0.02155, -0.36689, 0.03878, 0.92921
-0.16, 1.23, 0.10, 0.02133, -0.36635, 0.03889, 0.92942
-0.16, 1.23, 0.10, 0.02138, -0.36580, 0.03985, 0.92960
-0.16, 1.23, 0.11, 0.02166, -0.36569, 0.04127, 0.92957
-0.16, 1.23, 0.11, 0.02236, -0.36593, 0.04256, 0.92940
-0.16, 1.23, 0.11, 0.02328, -0.36623, 0.04376, 0.92920
-0.16, 1.23, 0.11, 0.02329, -0.36660, 0.04440, 0.92903
-0.16, 1.23, 0.11, 0.02324, -0.36675, 0.04434, 0.92897
-0.16, 1.23, 0.11, 0.02355, -0.36680, 0.04481, 0.92892
-0.16, 1.23, 0.11, 0.02380, -0.36723, 0.04491, 0.92874
-0.16, 1.23, 0.11, 0.02504, -0.36759, 0.04545, 0.92854
-0.16, 1.23, 0.11, 0.02629, -0.36800, 0.04547, 0.92834
-0.16, 1.23, 0.11, 0.02709, -0.36863, 0.04492, 0.92810
-0.16, 1.23, 0.11, 0.02816, -0.36882, 0.04496, 0.92799
-0.16, 1.23, 0.11, 0.02858, -0.36916, 0.04487, 0.92784
-0.16, 1.23, 0.11, 0.02857, -0.36929, 0.04469, 0.92780
-0.16, 1.23, 0.11, 0.02806, -0.36886, 0.04460, 0.92799
-0.16, 1.23, 0.11, 0.02769, -0.36829, 0.04467, 0.92822
-0.16, 1.23, 0.11, 0.02618, -0.36698, 0.04479, 0.92878
-0.16, 1.23, 0.11, 0.02515, -0.36592, 0.04542, 0.92920
-0.16, 1.23, 0.11, 0.02413, -0.36469, 0.04611, 0.92967
-0.16, 1.23, 0.11, 0.02281, -0.36334, 0.04669, 0.93021
-0.16, 1.23, 0.11, 0.02194, -0.36156, 0.04725, 0.93089
-0.16, 1.23, 0.11, 0.02095, -0.35987, 0.04757, 0.93155
-0.16, 1.23, 0.11, 0.02008, -0.35790, 0.04841, 0.93229
-0.16, 1.23, 0.11, 0.01902, -0.35585, 0.04879, 0.93307
-0.16, 1.23, 0.11, 0.01794, -0.35403, 0.04921, 0.93377
-0.16, 1.23, 0.11, 0.01712, -0.35260, 0.04981, 0.93429
-0.16, 1.23, 0.11, 0.01610, -0.35131, 0.05026, 0.93477
-0.16, 1.23, 0.11, 0.01543, -0.35039, 0.05065, 0.93511
-0.16, 1.23, 0.11, 0.01589, -0.34935, 0.05116, 0.93546
-0.16, 1.23, 0.11, 0.01662, -0.34848, 0.05139, 0.93576
-0.16, 1.23, 0.11, 0.01753, -0.34808, 0.05150, 0.93589
-0.16, 1.23, 0.11, 0.01841, -0.34811, 0.05207, 0.93583
-0.16, 1.23, 0.11, 0.01772, -0.34863, 0.05228, 0.93563
-0.16, 1.23, 0.11, 0.01742, -0.34932, 0.05240, 0.93538
-0.16, 1.23, 0.11, 0.01902, -0.35032, 0.05357, 0.93490
-0.16, 1.23, 0.11, 0.02048, -0.35171, 0.05458, 0.93429
-0.16, 1.23, 0.11, 0.02178, -0.35344, 0.05565, 0.93354
-0.16, 1.23, 0.11, 0.02258, -0.35556, 0.05683, 0.93265
-0.16, 1.23, 0.11, 0.02270, -0.35796, 0.05762, 0.93168
-0.16, 1.23, 0.11, 0.02348, -0.36064, 0.05859, 0.93057
-0.16, 1.22, 0.11, 0.02486, -0.36320, 0.05946, 0.92948
-0.16, 1.22, 0.11, 0.02870, -0.36574, 0.06151, 0.92824
-0.16, 1.22, 0.11, 0.03223, -0.36790, 0.06313, 0.92716
-0.16, 1.22, 0.11, 0.03407, -0.37055, 0.06310, 0.92604
-0.16, 1.22, 0.11, 0.03597, -0.37294, 0.06313, 0.92501
-0.16, 1.22, 0.11, 0.03942, -0.37487, 0.06435, 0.92400
-0.16, 1.22, 0.11, 0.04297, -0.37637, 0.06503, 0.92318
-0.16, 1.22, 0.11, 0.04637, -0.37805, 0.06552, 0.92230
-0.16, 1.22, 0.11, 0.04976, -0.37935, 0.06626, 0.92154
-0.16, 1.22, 0.11, 0.05211, -0.38061, 0.06690, 0.92084
-0.16, 1.22, 0.11, 0.05465, -0.38161, 0.06764, 0.92022
-0.16, 1.22, 0.11, 0.05632, -0.38269, 0.06808, 0.91964
-0.16, 1.22, 0.11, 0.05633, -0.38341, 0.06819, 0.91933
-0.16, 1.22, 0.11, 0.05640, -0.38377, 0.06877, 0.91914
-0.16, 1.22, 0.11, 0.05564, -0.38374, 0.06893, 0.91918
-0.16, 1.22, 0.11, 0.05390, -0.38390, 0.06796, 0.91929
-0.16, 1.22, 0.11, 0.05156, -0.38430, 0.06710, 0.91932
-0.16, 1.22, 0.11, 0.05189, -0.38462, 0.06779, 0.91912
-0.17, 1.22, 0.11, 0.05315, -0.38438, 0.06836, 0.91910
-0.17, 1.22, 0.11, 0.05289, -0.38475, 0.06733, 0.91904
-0.17, 1.22, 0.11, 0.05275, -0.38503, 0.06674, 0.91897
-0.17, 1.22, 0.11, 0.05295, -0.38556, 0.06686, 0.91873
-0.17, 1.22, 0.11, 0.05363, -0.38631, 0.06694, 0.91837
-0.17, 1.22, 0.11, 0.05441, -0.38713, 0.06720, 0.91796
-0.17, 1.22, 0.11, 0.05519, -0.38796, 0.06771, 0.91753
-0.17, 1.22, 0.11, 0.05526, -0.38901, 0.06767, 0.91708
-0.17, 1.22, 0.11, 0.05604, -0.39014, 0.06803, 0.91653
-0.17, 1.22, 0.11, 0.05660, -0.39111, 0.06799, 0.91608
-0.17, 1.22, 0.11, 0.05640, -0.39223, 0.06724, 0.91567
-0.17, 1.22, 0.11, 0.05605, -0.39306, 0.06641, 0.91540
-0.17, 1.22, 0.11, 0.05609, -0.39349, 0.06592, 0.91524
-0.17, 1.22, 0.11, 0.05645, -0.39376, 0.06571, 0.91512
-0.17, 1.22, 0.11, 0.05677, -0.39393, 0.06532, 0.91506
-0.17, 1.22, 0.11, 0.05714, -0.39387, 0.06491, 0.91509
-0.17, 1.22, 0.11, 0.05710, -0.39353, 0.06472, 0.91525
-0.17, 1.22, 0.11, 0.05675, -0.39316, 0.06423, 0.91547
-0.17, 1.22, 0.11, 0.05688, -0.39265, 0.06370, 0.91571
-0.17, 1.22, 0.11, 0.05678, -0.39177, 0.06340, 0.91612
-0.17, 1.22, 0.11, 0.05595, -0.39092, 0.06309, 0.91656
-0.17, 1.22, 0.11, 0.05435, -0.38981, 0.06268, 0.91715
-0.17, 1.22, 0.11, 0.05117, -0.38907, 0.06193, 0.91770
-0.17, 1.22, 0.11, 0.04812, -0.38813, 0.06141, 0.91830
-0.17, 1.22, 0.11, 0.04692, -0.38704, 0.06177, 0.91879
-0.17, 1.22, 0.11, 0.04680, -0.38618, 0.06242, 0.91912
-0.17, 1.22, 0.11, 0.04624, -0.38541, 0.06220, 0.91949
-0.16, 1.22, 0.11, 0.04559, -0.38476, 0.06178, 0.91982
-0.16, 1.22, 0.11, 0.04569, -0.38406, 0.06179, 0.92010
-0.16, 1.22, 0.11, 0.04628, -0.38336, 0.06204, 0.92035
-0.16, 1.22, 0.11, 0.04647, -0.38272, 0.06192, 0.92062
-0.16, 1.22, 0.11, 0.04674, -0.38196, 0.06169, 0.92093
-0.16, 1.22, 0.11, 0.04715, -0.38126, 0.06166, 0.92120
-0.16, 1.22, 0.11, 0.04762, -0.38081, 0.06161, 0.92137
-0.16, 1.22, 0.11, 0.04811, -0.38006, 0.06140, 0.92167
-0.16, 1.22, 0.11, 0.04930, -0.37949, 0.06145, 0.92183
-0.16, 1.22, 0.11, 0.05043, -0.37885, 0.06147, 0.92204
-0.16, 1.22, 0.11, 0.04921, -0.37833, 0.06068, 0.92237
-0.16, 1.22, 0.11, 0.04841, -0.37821, 0.06047, 0.92247
-0.16, 1.22, 0.11, 0.04965, -0.37760, 0.06153, 0.92259
-0.16, 1.22, 0.11, 0.05215, -0.37715, 0.06290, 0.92254
-0.16, 1.22, 0.11, 0.05356, -0.37713, 0.06284, 0.92247
-0.16, 1.22, 0.11, 0.05351, -0.37726, 0.06229, 0.92246
-0.16, 1.22, 0.11, 0.05296, -0.37727, 0.06184, 0.92252
-0.16, 1.22, 0.11, 0.05207, -0.37692, 0.06107, 0.92276
-0.16, 1.22, 0.11, 0.05305, -0.37620, 0.06100, 0.92301
-0.16, 1.22, 0.11, 0.05438, -0.37566, 0.06127, 0.92313
-0.16, 1.22, 0.11, 0.05464, -0.37520, 0.06108, 0.92331
-0.16, 1.22, 0.11, 0.05402, -0.37532, 0.06084, 0.92332
-0.16, 1.22, 0.11, 0.05399, -0.37533, 0.06154, 0.92327
-0.16, 1.22, 0.11, 0.05370, -0.37524, 0.06180, 0.92330
-0.16, 1.22, 0.11, 0.05325, -0.37496, 0.06176, 0.92345
-0.16, 1.22, 0.11, 0.05341, -0.37420, 0.06189, 0.92374
-0.16, 1.22, 0.11, 0.05378, -0.37328, 0.06189, 0.92409
-0.16, 1.22, 0.11, 0.05373, -0.37258, 0.06116, 0.92442
-0.16, 1.22, 0.11, 0.05323, -0.37203, 0.06027, 0.92473
-0.16, 1.22, 0.11, 0.05206, -0.37139, 0.05915, 0.92513
-0.16, 1.22, 0.11, 0.05152, -0.37050, 0.05880, 0.92554
-0.16, 1.22, 0.11, 0.05152, -0.36940, 0.05898, 0.92596
-0.16, 1.22, 0.11, 0.05128, -0.36781, 0.05921, 0.92660
-0.16, 1.22, 0.11, 0.04947, -0.36590, 0.05883, 0.92747
-0.16, 1.22, 0.11, 0.04765, -0.36399, 0.05848, 0.92834
-0.16, 1.22, 0.11, 0.04601, -0.36194, 0.05899, 0.92919
-0.16, 1.22, 0.11, 0.04451, -0.35910, 0.05940, 0.93034
-0.16, 1.22, 0.11, 0.04331, -0.35586, 0.05990, 0.93161
-0.16, 1.22, 0.11, 0.04211, -0.35289, 0.05992, 0.93280
-0.16, 1.22, 0.11, 0.04067, -0.35008, 0.06035, 0.93389
-0.16, 1.22, 0.11, 0.03926, -0.34732, 0.06116, 0.93493
-0.16, 1.22, 0.11, 0.03737, -0.34464, 0.06202, 0.93594
-0.16, 1.22, 0.11, 0.03596, -0.34248, 0.06305, 0.93672
-0.16, 1.22, 0.11, 0.03479, -0.34007, 0.06375, 0.93759
-0.16, 1.22, 0.11, 0.03359, -0.33803, 0.06370, 0.93838
-0.16, 1.23, 0.11, 0.03277, -0.33617, 0.06343, 0.93909
-0.16, 1.23, 0.11, 0.03177, -0.33480, 0.06299, 0.93964
-0.16, 1.23, 0.11, 0.03101, -0.33347, 0.06264, 0.94017
-0.16, 1.23, 0.11, 0.03059, -0.33259, 0.06224, 0.94052
-0.16, 1.23, 0.11, 0.03046, -0.33175, 0.06194, 0.94084
-0.16, 1.23, 0.11, 0.03100, -0.33096, 0.06165, 0.94112
-0.16, 1.23, 0.11, 0.03184, -0.33041, 0.06139, 0.94130
-0.16, 1.23, 0.11, 0.03281, -0.33013, 0.06117, 0.94138
-0.16, 1.23, 0.11, 0.03371, -0.32995, 0.06056, 0.94145
-0.16, 1.23, 0.11, 0.03426, -0.33005, 0.06029, 0.94141
-0.16, 1.23, 0.11, 0.03467, -0.32991, 0.05947, 0.94150
-0.15, 1.23, 0.11, 0.03519, -0.32995, 0.05879, 0.94151
-0.15, 1.23, 0.11, 0.03628, -0.32984, 0.05817, 0.94154
-0.15, 1.23, 0.11, 0.03668, -0.32955, 0.05759, 0.94167
-0.15, 1.22, 0.11, 0.03669, -0.32940, 0.05722, 0.94174
-0.15, 1.23, 0.11, 0.03644, -0.32930, 0.05713, 0.94179
-0.15, 1.23, 0.11, 0.03584, -0.32906, 0.05701, 0.94191
-0.15, 1.23, 0.11, 0.03546, -0.32889, 0.05694, 0.94198
-0.15, 1.23, 0.11, 0.03527, -0.32860, 0.05660, 0.94211
-0.15, 1.23, 0.11, 0.03570, -0.32811, 0.05667, 0.94226
-0.15, 1.23, 0.11, 0.03607, -0.32779, 0.05670, 0.94236
-0.15, 1.23, 0.11, 0.03638, -0.32733, 0.05654, 0.94251
-0.15, 1.23, 0.11, 0.03643, -0.32667, 0.05664, 0.94273
-0.15, 1.23, 0.11, 0.03665, -0.32617, 0.05669, 0.94290
-0.15, 1.23, 0.11, 0.03709, -0.32579, 0.05683, 0.94300
-0.15, 1.22, 0.11, 0.03727, -0.32563, 0.05673, 0.94306
-0.15, 1.22, 0.11, 0.03708, -0.32563, 0.05668, 0.94307
-0.15, 1.22, 0.11, 0.03685, -0.32553, 0.05668, 0.94311
-0.15, 1.22, 0.11, 0.03654, -0.32519, 0.05672, 0.94324
-0.15, 1.23, 0.11, 0.03647, -0.32505, 0.05657, 0.94330
-0.15, 1.23, 0.11, 0.03639, -0.32506, 0.05663, 0.94330
-0.15, 1.23, 0.11, 0.03639, -0.32511, 0.05674, 0.94327
-0.15, 1.22, 0.11, 0.03633, -0.32519, 0.05701, 0.94323
-0.15, 1.22, 0.11, 0.03619, -0.32599, 0.05759, 0.94292
-0.15, 1.22, 0.11, 0.03618, -0.32674, 0.05788, 0.94265
-0.15, 1.22, 0.11, 0.03607, -0.32782, 0.05823, 0.94225
-0.15, 1.23, 0.11, 0.03558, -0.33016, 0.05835, 0.94145
-0.16, 1.23, 0.11, 0.03511, -0.33306, 0.05805, 0.94046
-0.16, 1.23, 0.11, 0.03460, -0.33665, 0.05740, 0.93924
-0.16, 1.23, 0.11, 0.03418, -0.34075, 0.05607, 0.93786
-0.16, 1.23, 0.11, 0.03406, -0.34560, 0.05446, 0.93618
-0.16, 1.23, 0.11, 0.03428, -0.35157, 0.05281, 0.93404
-0.16, 1.23, 0.11, 0.03444, -0.35839, 0.05062, 0.93156
-0.16, 1.23, 0.11, 0.03509, -0.36617, 0.04783, 0.92866
-0.16, 1.23, 0.11, 0.03776, -0.37466, 0.04598, 0.92525
-0.16, 1.23, 0.11, 0.03866, -0.38271, 0.04353, 0.92203
-0.16, 1.23, 0.11, 0.03829, -0.39104, 0.04075, 0.91867
-0.16, 1.23, 0.11, 0.03815, -0.39903, 0.03892, 0.91532
-0.16, 1.22, 0.10, 0.03872, -0.40686, 0.03781, 0.91189
-0.16, 1.22, 0.10, 0.03953, -0.41450, 0.03648, 0.90846
-0.16, 1.22, 0.10, 0.04046, -0.42179, 0.03531, 0.90510
-0.16, 1.22, 0.10, 0.04194, -0.42844, 0.03474, 0.90193
-0.16, 1.22, 0.10, 0.04310, -0.43420, 0.03415, 0.89913
-0.16, 1.22, 0.10, 0.04408, -0.43886, 0.03373, 0.89684
-0.16, 1.22, 0.10, 0.04518, -0.44304, 0.03324, 0.89475
-0.17, 1.22, 0.10, 0.04661, -0.44707, 0.03314, 0.89267
-0.17, 1.22, 0.10, 0.04847, -0.45076, 0.03364, 0.89069
-0.17, 1.22, 0.10, 0.05013, -0.45408, 0.03400, 0.88890
-0.17, 1.22, 0.10, 0.05146, -0.45730, 0.03394, 0.88717
-0.17, 1.22, 0.10, 0.05252, -0.46005, 0.03367, 0.88570
-0.17, 1.22, 0.10, 0.05388, -0.46255, 0.03392, 0.88430
-0.17, 1.22, 0.10, 0.05524, -0.46473, 0.03380, 0.88308
-0.17, 1.22, 0.10, 0.05681, -0.46705, 0.03349, 0.88177
-0.17, 1.22, 0.10, 0.05792, -0.46894, 0.03309, 0.88071
-0.17, 1.22, 0.10, 0.05906, -0.47096, 0.03251, 0.87958
-0.17, 1.22, 0.10, 0.05963, -0.47333, 0.03199, 0.87828
-0.17, 1.22, 0.10, 0.05945, -0.47583, 0.03108, 0.87698
-0.17, 1.22, 0.10, 0.05955, -0.47810, 0.03037, 0.87576
-0.17, 1.22, 0.10, 0.06043, -0.48050, 0.02921, 0.87442
-0.17, 1.22, 0.10, 0.06163, -0.48269, 0.02793, 0.87317
-0.17, 1.22, 0.10, 0.06260, -0.48516, 0.02730, 0.87176
-0.17, 1.22, 0.10, 0.06323, -0.48767, 0.02628, 0.87034
-0.17, 1.22, 0.10, 0.06387, -0.49046, 0.02557, 0.86874
-0.17, 1.22, 0.10, 0.06473, -0.49276, 0.02501, 0.86739
-0.17, 1.22, 0.10, 0.06571, -0.49485, 0.02425, 0.86615
-0.17, 1.22, 0.10, 0.06672, -0.49667, 0.02364, 0.86505
-0.17, 1.22, 0.10, 0.06742, -0.49807, 0.02299, 0.86420
-0.17, 1.22, 0.10, 0.06811, -0.49940, 0.02262, 0.86339
-0.17, 1.22, 0.10, 0.06848, -0.50045, 0.02230, 0.86276
-0.17, 1.22, 0.10, 0.06869, -0.50137, 0.02206, 0.86222
-0.17, 1.22, 0.10, 0.06866, -0.50208, 0.02161, 0.86182
-0.17, 1.22, 0.10, 0.06848, -0.50268, 0.02152, 0.86149
-0.17, 1.22, 0.10, 0.06844, -0.50323, 0.02139, 0.86117
-0.17, 1.22, 0.10, 0.06835, -0.50397, 0.02113, 0.86076
-0.17, 1.22, 0.10, 0.06826, -0.50433, 0.02091, 0.86055
-0.17, 1.22, 0.10, 0.06791, -0.50459, 0.02069, 0.86044
-0.17, 1.22, 0.10, 0.06764, -0.50523, 0.02031, 0.86009
-0.17, 1.22, 0.10, 0.06759, -0.50592, 0.01982, 0.85970
-0.17, 1.22, 0.10, 0.06755, -0.50682, 0.01923, 0.85919
-0.17, 1.22, 0.10, 0.06763, -0.50791, 0.01866, 0.85855
-0.17, 1.22, 0.10, 0.06771, -0.50912, 0.01826, 0.85783
-0.17, 1.22, 0.10, 0.06818, -0.51055, 0.01777, 0.85696
-0.17, 1.22, 0.10, 0.06884, -0.51195, 0.01716, 0.85608
-0.17, 1.22, 0.10, 0.06947, -0.51335, 0.01653, 0.85521
-0.17, 1.22, 0.10, 0.07026, -0.51464, 0.01623, 0.85437
-0.17, 1.22, 0.10, 0.07076, -0.51546, 0.01549, 0.85384
-0.17, 1.22, 0.10, 0.07104, -0.51607, 0.01507, 0.85346
-0.17, 1.22, 0.10, 0.07125, -0.51623, 0.01492, 0.85335
-0.17, 1.22, 0.10, 0.07137, -0.51619, 0.01473, 0.85337
-0.17, 1.22, 0.10, 0.07129, -0.51581, 0.01485, 0.85360
-0.17, 1.22, 0.10, 0.07123, -0.51480, 0.01520, 0.85421
-0.17, 1.22, 0.10, 0.07128, -0.51360, 0.01527, 0.85493
-0.17, 1.22, 0.10, 0.07124, -0.51209, 0.01547, 0.85583
-0.17, 1.22, 0.10, 0.07080, -0.51025, 0.01543, 0.85697
-0.17, 1.22, 0.10, 0.07040, -0.50830, 0.01615, 0.85815
-0.17, 1.22, 0.10, 0.06980, -0.50640, 0.01683, 0.85930
-0.17, 1.22, 0.10, 0.06934, -0.50448, 0.01716, 0.86046
-0.17, 1.22, 0.10, 0.06910, -0.50247, 0.01719, 0.86166
-0.17, 1.22, 0.10, 0.06905, -0.50031, 0.01695, 0.86292
-0.17, 1.22, 0.10, 0.06858, -0.49859, 0.01624, 0.86397
-0.17, 1.22, 0.10, 0.06779, -0.49683, 0.01474, 0.86507
-0.17, 1.22, 0.10, 0.06711, -0.49571, 0.01299, 0.86580
-0.17, 1.22, 0.10, 0.06655, -0.49485, 0.01127, 0.86635
-0.17, 1.22, 0.10, 0.06650, -0.49429, 0.00971, 0.86669
-0.17, 1.22, 0.10, 0.06623, -0.49347, 0.00785, 0.86720
-0.17, 1.22, 0.10, 0.06584, -0.49226, 0.00568, 0.86793
-0.17, 1.22, 0.10, 0.06487, -0.49073, 0.00358, 0.86889
-0.17, 1.22, 0.10, 0.06366, -0.48942, 0.00285, 0.86972
-0.17, 1.22, 0.10, 0.06250, -0.48836, 0.00218, 0.87040
-0.16, 1.22, 0.10, 0.06187, -0.48713, 0.00152, 0.87114
-0.16, 1.22, 0.10, 0.06196, -0.48567, 0.00099, 0.87194
-0.16, 1.22, 0.11, 0.06198, -0.48388, 0.00043, 0.87294
-0.16, 1.22, 0.11, 0.06176, -0.48158, -0.00026, 0.87422
-0.16, 1.22, 0.11, 0.06129, -0.47895, -0.00069, 0.87570
-0.16, 1.22, 0.11, 0.06081, -0.47586, -0.00104, 0.87741
-0.16, 1.22, 0.11, 0.06033, -0.47207, -0.00113, 0.87949
-0.16, 1.22, 0.11, 0.06012, -0.46776, -0.00124, 0.88181
-0.16, 1.22, 0.11, 0.06039, -0.46274, -0.00116, 0.88444
-0.16, 1.22, 0.11, 0.06093, -0.45670, -0.00113, 0.88753
-0.16, 1.22, 0.11, 0.06105, -0.45009, -0.00107, 0.89089
-0.16, 1.22, 0.11, 0.06118, -0.44323, -0.00093, 0.89431
-0.16, 1.22, 0.11, 0.06099, -0.43606, -0.00022, 0.89785
-0.16, 1.22, 0.11, 0.06057, -0.42907, 0.00064, 0.90124
-0.16, 1.22, 0.11, 0.06050, -0.42221, 0.00143, 0.90448
-0.16, 1.22, 0.11, 0.06099, -0.41513, 0.00191, 0.90772
-0.16, 1.22, 0.11, 0.06147, -0.40752, 0.00204, 0.91112
-0.16, 1.22, 0.11, 0.06186, -0.39983, 0.00147, 0.91450
-0.16, 1.22, 0.12, 0.06198, -0.39256, 0.00097, 0.91764
-0.15, 1.22, 0.12, 0.06185, -0.38573, 0.00032, 0.92053
-0.15, 1.22, 0.12, 0.06150, -0.37925, -0.00044, 0.92325
-0.15, 1.22, 0.12, 0.06138, -0.37323, -0.00151, 0.92570
-0.15, 1.22, 0.12, 0.06153, -0.36746, -0.00276, 0.92800
-0.15, 1.22, 0.12, 0.06190, -0.36158, -0.00441, 0.93027
-0.15, 1.22, 0.12, 0.06229, -0.35560, -0.00601, 0.93254
-0.15, 1.22, 0.12, 0.06232, -0.34997, -0.00778, 0.93465
-0.15, 1.22, 0.12, 0.06205, -0.34444, -0.00910, 0.93671
-0.15, 1.22, 0.12, 0.06174, -0.33913, -0.01050, 0.93865
-0.15, 1.22, 0.12, 0.06135, -0.33399, -0.01184, 0.94050
-0.15, 1.22, 0.12, 0.06123, -0.32862, -0.01303, 0.94238
-0.15, 1.22, 0.12, 0.06133, -0.32290, -0.01434, 0.94434
-0.14, 1.22, 0.12, 0.06144, -0.31700, -0.01537, 0.94631
-0.14, 1.22, 0.13, 0.06143, -0.31120, -0.01627, 0.94822
-0.14, 1.22, 0.13, 0.06129, -0.30543, -0.01659, 0.95010
-0.14, 1.22, 0.13, 0.06113, -0.29971, -0.01709, 0.95192
-0.14, 1.22, 0.13, 0.06094, -0.29377, -0.01765, 0.95377
-0.14, 1.22, 0.13, 0.06072, -0.28781, -0.01788, 0.95559
-0.14, 1.22, 0.13, 0.06062, -0.28187, -0.01818, 0.95736
-0.14, 1.22, 0.13, 0.06002, -0.27574, -0.01828, 0.95918
-0.14, 1.22, 0.13, 0.05889, -0.27017, -0.01861, 0.96083
-0.14, 1.22, 0.13, 0.05723, -0.26477, -0.01882, 0.96243
-0.14, 1.22, 0.13, 0.05581, -0.25953, -0.01898, 0.96393
-0.13, 1.22, 0.13, 0.05506, -0.25407, -0.01941, 0.96542
-0.13, 1.22, 0.13, 0.05444, -0.24871, -0.01995, 0.96684
-0.13, 1.22, 0.13, 0.05402, -0.24326, -0.02017, 0.96825
-0.13, 1.22, 0.13, 0.05361, -0.23819, -0.02025, 0.96953
-0.13, 1.22, 0.13, 0.05322, -0.23266, -0.02039, 0.97089
-0.13, 1.22, 0.13, 0.05283, -0.22731, -0.02043, 0.97217
-0.13, 1.22, 0.13, 0.05268, -0.22222, -0.02032, 0.97336
-0.13, 1.22, 0.13, 0.05347, -0.21716, -0.02034, 0.97446
-0.13, 1.22, 0.14, 0.05456, -0.21206, -0.02066, 0.97551
-0.13, 1.22, 0.14, 0.05590, -0.20698, -0.02095, 0.97652
-0.13, 1.22, 0.14, 0.05675, -0.20211, -0.02175, 0.97748
-0.12, 1.22, 0.14, 0.05701, -0.19759, -0.02268, 0.97836
-0.12, 1.22, 0.14, 0.05520, -0.19291, -0.02423, 0.97936
-0.12, 1.23, 0.14, 0.05356, -0.18857, -0.02502, 0.98028
-0.12, 1.23, 0.14, 0.05161, -0.18425, -0.02557, 0.98119
-0.12, 1.23, 0.14, 0.04915, -0.17990, -0.02621, 0.98211
-0.12, 1.23, 0.14, 0.04777, -0.17540, -0.02698, 0.98297
-0.12, 1.23, 0.14, 0.04752, -0.17101, -0.02692, 0.98375
-0.12, 1.23, 0.14, 0.04811, -0.16669, -0.02658, 0.98448
-0.12, 1.23, 0.14, 0.04897, -0.16198, -0.02617, 0.98523
-0.12, 1.23, 0.14, 0.05007, -0.15713, -0.02582, 0.98597
-0.12, 1.23, 0.14, 0.05077, -0.15208, -0.02551, 0.98673
-0.12, 1.23, 0.14, 0.05176, -0.14643, -0.02464, 0.98756
-0.12, 1.22, 0.14, 0.05339, -0.14069, -0.02329, 0.98834
-0.11, 1.22, 0.14, 0.05565, -0.13490, -0.02167, 0.98906
-0.11, 1.22, 0.14, 0.05811, -0.12866, -0.02018, 0.98978
-0.11, 1.22, 0.14, 0.06044, -0.12215, -0.01886, 0.99049
-0.11, 1.22, 0.14, 0.06408, -0.11512, -0.01709, 0.99114
-0.11, 1.22, 0.14, 0.06776, -0.10790, -0.01548, 0.99173
-0.11, 1.22, 0.14, 0.07105, -0.10031, -0.01360, 0.99232
-0.11, 1.22, 0.14, 0.07476, -0.09243, -0.01148, 0.99284
-0.11, 1.22, 0.15, 0.07689, -0.08351, -0.00988, 0.99349
-0.11, 1.22, 0.15, 0.07779, -0.07526, -0.00876, 0.99409
-0.11, 1.22, 0.15, 0.07824, -0.06748, -0.00813, 0.99461
-0.11, 1.22, 0.15, 0.07813, -0.06039, -0.00804, 0.99508
-0.10, 1.22, 0.15, 0.07592, -0.05393, -0.00914, 0.99561
-0.10, 1.22, 0.15, 0.07420, -0.04798, -0.01001, 0.99604
-0.10, 1.22, 0.15, 0.07224, -0.04245, -0.01088, 0.99642
-0.10, 1.22, 0.15, 0.06988, -0.03790, -0.01227, 0.99676
-0.10, 1.22, 0.15, 0.06815, -0.03357, -0.01353, 0.99702
-0.10, 1.22, 0.15, 0.06619, -0.02953, -0.01496, 0.99726
-0.10, 1.22, 0.15, 0.06446, -0.02590, -0.01623, 0.99745
-0.10, 1.22, 0.15, 0.06287, -0.02246, -0.01739, 0.99762
-0.10, 1.22, 0.15, 0.06150, -0.01942, -0.01843, 0.99775
-0.10, 1.22, 0.15, 0.06110, -0.01592, -0.01962, 0.99781
-0.10, 1.22, 0.15, 0.05976, -0.01266, -0.02092, 0.99791
-0.09, 1.22, 0.15, 0.05783, -0.00945, -0.02244, 0.99803
-0.09, 1.22, 0.15, 0.05695, -0.00580, -0.02360, 0.99808
-0.09, 1.22, 0.15, 0.05671, -0.00241, -0.02474, 0.99808
-0.09, 1.22, 0.15, 0.05592, 0.00111, -0.02548, 0.99811
-0.09, 1.22, 0.15, 0.05541, 0.00453, -0.02575, 0.99812
-0.09, 1.22, 0.15, 0.05514, 0.00807, -0.02546, 0.99812
-0.09, 1.22, 0.15, 0.05485, 0.01141, -0.02499, 0.99812
-0.09, 1.22, 0.15, 0.05456, 0.01507, -0.02440, 0.99810
-0.09, 1.22, 0.15, 0.05445, 0.01892, -0.02382, 0.99805
-0.08, 1.22, 0.15, 0.05460, 0.02324, -0.02373, 0.99796
-0.08, 1.22, 0.15, 0.05505, 0.02799, -0.02357, 0.99781
-0.08, 1.22, 0.15, 0.05501, 0.03346, -0.02383, 0.99764
-0.08, 1.22, 0.15, 0.05389, 0.03898, -0.02382, 0.99750
-0.08, 1.22, 0.15, 0.05319, 0.04535, -0.02355, 0.99728
-0.08, 1.22, 0.15, 0.05268, 0.05178, -0.02341, 0.99699
-0.08, 1.22, 0.15, 0.05192, 0.05882, -0.02358, 0.99664
-0.08, 1.22, 0.15, 0.05125, 0.06682, -0.02419, 0.99615
-0.07, 1.22, 0.15, 0.05010, 0.07578, -0.02507, 0.99555
-0.07, 1.22, 0.15, 0.04861, 0.08539, -0.02631, 0.99481
-0.07, 1.22, 0.15, 0.04734, 0.09470, -0.02700, 0.99401
-0.07, 1.22, 0.15, 0.04614, 0.10370, -0.02723, 0.99316
-0.07, 1.22, 0.15, 0.04534, 0.11234, -0.02641, 0.99228
-0.07, 1.22, 0.14, 0.04504, 0.11998, -0.02433, 0.99146
-0.07, 1.22, 0.14, 0.04447, 0.12699, -0.02199, 0.99066
-0.07, 1.22, 0.14, 0.04393, 0.13415, -0.02002, 0.98978
-0.07, 1.22, 0.14, 0.04337, 0.14103, -0.01748, 0.98890
-0.06, 1.22, 0.14, 0.04207, 0.14831, -0.01544, 0.98793
-0.06, 1.22, 0.14, 0.04029, 0.15554, -0.01375, 0.98691
-0.06, 1.23, 0.14, 0.03790, 0.16240, -0.01207, 0.98592
-0.06, 1.23, 0.14, 0.03525, 0.16889, -0.01115, 0.98494
-0.06, 1.23, 0.14, 0.03250, 0.17495, -0.01062, 0.98398
-0.06, 1.23, 0.14, 0.02970, 0.18111, -0.01046, 0.98296
-0.06, 1.23, 0.14, 0.02688, 0.18714, -0.01056, 0.98191
-0.06, 1.23, 0.14, 0.02513, 0.19273, -0.01089, 0.98087
-0.06, 1.23, 0.14, 0.02329, 0.19832, -0.01154, 0.97979
-0.06, 1.23, 0.14, 0.02084, 0.20368, -0.01338, 0.97872
-0.05, 1.23, 0.14, 0.01851, 0.20907, -0.01560, 0.97760
-0.05, 1.23, 0.14, 0.01594, 0.21409, -0.01796, 0.97652
-0.05, 1.23, 0.14, 0.01403, 0.21901, -0.02019, 0.97541
-0.05, 1.23, 0.14, 0.01275, 0.22373, -0.02202, 0.97432
-0.05, 1.23, 0.14, 0.01164, 0.22839, -0.02380, 0.97321
-0.05, 1.23, 0.14, 0.01103, 0.23294, -0.02592, 0.97208
-0.05, 1.23, 0.13, 0.01141, 0.23822, -0.02821, 0.97073
-0.05, 1.23, 0.13, 0.01154, 0.24420, -0.03004, 0.96919
-0.05, 1.23, 0.13, 0.01154, 0.25078, -0.03083, 0.96749
-0.05, 1.23, 0.13, 0.01105, 0.25773, -0.03065, 0.96567
-0.05, 1.23, 0.13, 0.01111, 0.26455, -0.03013, 0.96384
-0.04, 1.23, 0.13, 0.01073, 0.27178, -0.02974, 0.96184
-0.04, 1.23, 0.13, 0.01095, 0.27943, -0.02961, 0.95965
-0.04, 1.23, 0.13, 0.01069, 0.28736, -0.02997, 0.95729
-0.04, 1.23, 0.13, 0.00960, 0.29522, -0.03016, 0.95490
-0.04, 1.23, 0.13, 0.00813, 0.30286, -0.03043, 0.95251
-0.04, 1.23, 0.13, 0.00692, 0.31062, -0.03106, 0.95000
-0.04, 1.23, 0.13, 0.00673, 0.31808, -0.03165, 0.94751
-0.04, 1.23, 0.13, 0.00691, 0.32537, -0.03161, 0.94503
-0.04, 1.23, 0.13, 0.00692, 0.33268, -0.03140, 0.94249
-0.04, 1.23, 0.13, 0.00731, 0.33950, -0.03074, 0.94008
-0.04, 1.23, 0.13, 0.00706, 0.34624, -0.02911, 0.93767
-0.04, 1.23, 0.13, 0.00660, 0.35216, -0.02649, 0.93554
-0.04, 1.23, 0.13, 0.00611, 0.35766, -0.02367, 0.93353
-0.04, 1.23, 0.13, 0.00557, 0.36264, -0.02115, 0.93167
-0.04, 1.23, 0.13, 0.00436, 0.36746, -0.01933, 0.92983
-0.04, 1.23, 0.13, 0.00337, 0.37180, -0.01817, 0.92813
-0.04, 1.23, 0.13, 0.00272, 0.37581, -0.01740, 0.92653
-0.04, 1.23, 0.13, 0.00154, 0.37906, -0.01686, 0.92522
-0.04, 1.23, 0.13, 0.00060, 0.38142, -0.01683, 0.92425
-0.04, 1.23, 0.13, -0.00003, 0.38334, -0.01669, 0.92346
-0.04, 1.23, 0.13, -0.00083, 0.38511, -0.01685, 0.92272
-0.04, 1.23, 0.13, -0.00070, 0.38670, -0.01729, 0.92204
-0.04, 1.23, 0.13, -0.00063, 0.38815, -0.01826, 0.92142
-0.04, 1.23, 0.13, -0.00037, 0.38970, -0.01936, 0.92074
-0.04, 1.23, 0.13, 0.00012, 0.39094, -0.02029, 0.92019
-0.04, 1.23, 0.13, 0.00014, 0.39195, -0.02107, 0.91974
-0.04, 1.23, 0.13, -0.00005, 0.39282, -0.02135, 0.91937
-0.04, 1.23, 0.13, -0.00102, 0.39390, -0.02191, 0.91889
-0.04, 1.23, 0.13, -0.00166, 0.39479, -0.02285, 0.91849
-0.04, 1.23, 0.13, -0.00228, 0.39591, -0.02346, 0.91799
-0.04, 1.23, 0.13, -0.00269, 0.39692, -0.02394, 0.91754
-0.04, 1.23, 0.13, -0.00379, 0.39778, -0.02412, 0.91715
-0.04, 1.23, 0.13, -0.00513, 0.39905, -0.02455, 0.91659
-0.03, 1.23, 0.13, -0.00582, 0.40028, -0.02541, 0.91602
-0.03, 1.23, 0.13, -0.00685, 0.40136, -0.02587, 0.91553
-0.03, 1.23, 0.13, -0.00744, 0.40253, -0.02635, 0.91500
-0.03, 1.23, 0.13, -0.00797, 0.40391, -0.02693, 0.91437
-0.03, 1.23, 0.13, -0.00811, 0.40521, -0.02744, 0.91377
-0.03, 1.23, 0.13, -0.00808, 0.40693, -0.02751, 0.91301
-0.03, 1.23, 0.13, -0.00773, 0.40863, -0.02767, 0.91225
-0.03, 1.23, 0.13, -0.00718, 0.41038, -0.02784, 0.91146
-0.03, 1.23, 0.13, -0.00653, 0.41209, -0.02829, 0.91068
-0.03, 1.23, 0.13, -0.00521, 0.41329, -0.02888, 0.91013
-0.03, 1.23, 0.13, -0.00390, 0.41441, -0.02964, 0.90960
-0.03, 1.23, 0.12, -0.00298, 0.41511, -0.03063, 0.90925
-0.03, 1.23, 0.12, -0.00139, 0.41561, -0.03249, 0.90896
-0.03, 1.23, 0.12, -0.00014, 0.41579, -0.03432, 0.90881
-0.03, 1.23, 0.12, 0.00083, 0.41583, -0.03579, 0.90874
-0.03, 1.23, 0.12, 0.00186, 0.41545, -0.03791, 0.90882
-0.03, 1.23, 0.12, 0.00233, 0.41484, -0.03940, 0.90904
-0.03, 1.23, 0.12, 0.00208, 0.41360, -0.03984, 0.90958
-0.03, 1.23, 0.12, 0.00145, 0.41262, -0.04035, 0.91001
-0.03, 1.23, 0.12, 0.00091, 0.41119, -0.04205, 0.91058
-0.03, 1.23, 0.12, -0.00079, 0.41068, -0.04503, 0.91067
-0.03, 1.23, 0.12, -0.00098, 0.40945, -0.04921, 0.91100
-0.03, 1.22, 0.12, 0.00026, 0.40803, -0.05271, 0.91144
-0.03, 1.22, 0.12, 0.00158, 0.40632, -0.05502, 0.91207
-0.03, 1.23, 0.13, 0.00244, 0.40480, -0.05593, 0.91269
-0.03, 1.23, 0.13, 0.00151, 0.40368, -0.05571, 0.91320
-0.03, 1.23, 0.13, 0.00001, 0.40254, -0.05454, 0.91378
-0.03, 1.23, 0.13, -0.00170, 0.40194, -0.05354, 0.91410
-0.03, 1.23, 0.13, -0.00340, 0.40175, -0.05289, 0.91422
-0.03, 1.23, 0.13, -0.00487, 0.40169, -0.05302, 0.91423
-0.03, 1.23, 0.13, -0.00636, 0.40192, -0.05315, 0.91411
-0.03, 1.22, 0.13, -0.00653, 0.40207, -0.05335, 0.91403
-0.03, 1.22, 0.13, -0.00659, 0.40257, -0.05364, 0.91379
-0.03, 1.22, 0.13, -0.00558, 0.40339, -0.05384, 0.91342
-0.03, 1.22, 0.13, -0.00307, 0.40402, -0.05355, 0.91317
-0.03, 1.22, 0.13, -0.00110, 0.40475, -0.05284, 0.91290
-0.03, 1.22, 0.13, -0.00088, 0.40536, -0.05205, 0.91267
-0.03, 1.22, 0.13, -0.00230, 0.40573, -0.05196, 0.91251
-0.03, 1.22, 0.13, -0.00287, 0.40545, -0.05187, 0.91264
-0.03, 1.22, 0.13, -0.00321, 0.40542, -0.05215, 0.91263
-0.03, 1.22, 0.13, -0.00224, 0.40509, -0.05240, 0.91277
-0.03, 1.22, 0.13, -0.00085, 0.40465, -0.05260, 0.91296
-0.03, 1.22, 0.13, 0.00070, 0.40384, -0.05271, 0.91331
-0.03, 1.22, 0.13, 0.00128, 0.40304, -0.05276, 0.91366
-0.03, 1.22, 0.13, 0.00179, 0.40211, -0.05297, 0.91406
-0.03, 1.22, 0.14, 0.00133, 0.40110, -0.05292, 0.91450
-0.03, 1.22, 0.14, 0.00049, 0.40021, -0.05283, 0.91490
-0.03, 1.22, 0.14, -0.00043, 0.39938, -0.05251, 0.91528
-0.03, 1.22, 0.14, -0.00125, 0.39850, -0.05226, 0.91568
-0.03, 1.22, 0.14, -0.00116, 0.39768, -0.05214, 0.91604
-0.03, 1.22, 0.14, -0.00135, 0.39722, -0.05227, 0.91623
-0.03, 1.22, 0.14, -0.00128, 0.39703, -0.05253, 0.91630
-0.03, 1.22, 0.14, -0.00104, 0.39714, -0.05257, 0.91625
-0.03, 1.22, 0.14, -0.00038, 0.39742, -0.05237, 0.91614
-0.03, 1.22, 0.14, 0.00082, 0.39811, -0.05150, 0.91589
-0.03, 1.22, 0.14, 0.00211, 0.39890, -0.05028, 0.91561
-0.03, 1.22, 0.14, 0.00339, 0.40013, -0.04910, 0.91514
-0.03, 1.22, 0.14, 0.00437, 0.40172, -0.04803, 0.91449
-0.03, 1.22, 0.14, 0.00491, 0.40407, -0.04664, 0.91353
-0.03, 1.22, 0.13, 0.00567, 0.40690, -0.04547, 0.91232
-0.02, 1.22, 0.13, 0.00600, 0.41019, -0.04386, 0.91092
-0.02, 1.22, 0.13, 0.00561, 0.41420, -0.04243, 0.90918
-0.02, 1.22, 0.13, 0.00495, 0.41839, -0.04141, 0.90731
-0.02, 1.22, 0.13, 0.00468, 0.42250, -0.04069, 0.90544
-0.02, 1.22, 0.13, 0.00409, 0.42729, -0.03982, 0.90323
-0.02, 1.22, 0.13, 0.00292, 0.43288, -0.03945, 0.90058
-0.02, 1.22, 0.13, 0.00380, 0.43849, -0.03883, 0.89789
-0.02, 1.22, 0.13, 0.00376, 0.44416, -0.03782, 0.89514
-0.02, 1.22, 0.13, 0.00196, 0.45016, -0.03656, 0.89219
-0.02, 1.22, 0.13, -0.00032, 0.45623, -0.03609, 0.88913
-0.02, 1.22, 0.13, -0.00234, 0.46258, -0.03618, 0.88584
-0.02, 1.22, 0.13, -0.00438, 0.46912, -0.03619, 0.88238
-0.02, 1.22, 0.13, -0.00607, 0.47518, -0.03561, 0.87914
-0.02, 1.22, 0.12, -0.00655, 0.48104, -0.03514, 0.87597
-0.02, 1.22, 0.12, -0.00624, 0.48635, -0.03517, 0.87303
-0.02, 1.22, 0.12, -0.00596, 0.49146, -0.03579, 0.87014
-0.02, 1.22, 0.12, -0.00583, 0.49609, -0.03651, 0.86748
-0.02, 1.22, 0.12, -0.00550, 0.50028, -0.03751, 0.86504
-0.02, 1.22, 0.12, -0.00552, 0.50357, -0.03821, 0.86309
-0.02, 1.22, 0.12, -0.00602, 0.50654, -0.03884, 0.86132
-0.02, 1.22, 0.12, -0.00654, 0.50876, -0.03946, 0.85998
-0.02, 1.22, 0.12, -0.00711, 0.51035, -0.04068, 0.85897
-0.02, 1.22, 0.12, -0.00787, 0.51197, -0.04187, 0.85795
-0.02, 1.22, 0.12, -0.00862, 0.51301, -0.04308, 0.85726
-0.02, 1.22, 0.12, -0.00889, 0.51373, -0.04414, 0.85677
-0.02, 1.22, 0.12, -0.00904, 0.51441, -0.04505, 0.85631
-0.02, 1.22, 0.12, -0.00906, 0.51502, -0.04591, 0.85590
-0.02, 1.22, 0.12, -0.00953, 0.51540, -0.04650, 0.85563
-0.02, 1.22, 0.12, -0.01004, 0.51761, -0.04746, 0.85424
-0.01, 1.22, 0.11, -0.00627, 0.53886, -0.04658, 0.84109
-0.01, 1.22, 0.11, 0.00148, 0.55904, -0.05444, 0.82735
0.00, 1.22, 0.11, 0.00112, 0.55002, -0.06596, 0.83254
0.00, 1.22, 0.11, 0.00158, 0.54100, -0.07042, 0.83807
0.00, 1.22, 0.11, 0.00221, 0.53967, -0.07126, 0.83885
0.00, 1.22, 0.11, 0.00287, 0.53830, -0.07184, 0.83968
0.00, 1.22, 0.11, 0.00280, 0.53746, -0.07183, 0.84022
0.00, 1.22, 0.11, 0.00285, 0.53654, -0.07203, 0.84079
0.00, 1.22, 0.11, 0.00281, 0.53609, -0.07262, 0.84103
0.00, 1.22, 0.11, 0.00316, 0.53598, -0.07325, 0.84104
0.00, 1.22, 0.11, 0.00333, 0.53598, -0.07276, 0.84108
0.00, 1.22, 0.11, 0.00340, 0.53614, -0.07218, 0.84103
0.00, 1.22, 0.11, 0.00398, 0.53628, -0.07193, 0.84096
0.00, 1.22, 0.11, 0.00469, 0.53613, -0.07179, 0.84106
0.00, 1.22, 0.11, 0.00500, 0.53603, -0.07127, 0.84117
0.00, 1.22, 0.11, 0.00504, 0.53564, -0.07070, 0.84147
0.00, 1.22, 0.11, 0.00541, 0.53492, -0.07026, 0.84196
0.00, 1.22, 0.11, 0.00603, 0.53382, -0.06987, 0.84268
0.00, 1.22, 0.11, 0.00595, 0.53221, -0.06941, 0.84374
0.00, 1.22, 0.12, 0.00584, 0.53045, -0.06959, 0.84484
0.00, 1.22, 0.12, 0.00611, 0.52870, -0.07024, 0.84587
0.00, 1.22, 0.12, 0.00658, 0.52637, -0.07072, 0.84728
0.00, 1.22, 0.12, 0.00776, 0.52369, -0.07154, 0.84887
0.00, 1.22, 0.12, 0.00872, 0.52092, -0.07250, 0.85048
0.00, 1.22, 0.12, 0.00926, 0.51814, -0.07332, 0.85209
0.00, 1.22, 0.12, 0.00993, 0.51528, -0.07488, 0.85369
0.00, 1.22, 0.12, 0.01024, 0.51280, -0.07619, 0.85506
0.00, 1.22, 0.12, 0.00995, 0.51042, -0.07697, 0.85642
0.00, 1.22, 0.12, 0.00905, 0.50803, -0.07704, 0.85784
0.00, 1.22, 0.12, 0.00855, 0.50577, -0.07716, 0.85917
0.00, 1.22, 0.12, 0.00868, 0.50351, -0.07730, 0.86048
0.00, 1.22, 0.12, 0.00881, 0.50136, -0.07711, 0.86175
0.00, 1.22, 0.12, 0.00955, 0.49918, -0.07697, 0.86302
0.00, 1.22, 0.12, 0.01029, 0.49707, -0.07700, 0.86423
0.00, 1.22, 0.12, 0.01090, 0.49521, -0.07649, 0.86533
0.00, 1.22, 0.12, 0.01020, 0.49341, -0.07556, 0.86645
0.00, 1.22, 0.12, 0.00944, 0.49123, -0.07443, 0.86780
0.00, 1.22, 0.12, 0.00832, 0.48884, -0.07275, 0.86929
0.00, 1.22, 0.12, 0.00832, 0.48607, -0.07125, 0.87097
0.00, 1.22, 0.12, 0.01091, 0.48273, -0.07017, 0.87289
0.00, 1.22, 0.12, 0.01218, 0.47911, -0.06799, 0.87503
0.00, 1.22, 0.13, 0.01368, 0.47494, -0.06541, 0.87748
0.00, 1.22, 0.13, 0.01447, 0.47031, -0.06359, 0.88009
0.00, 1.22, 0.13, 0.01561, 0.46518, -0.06279, 0.88285
-0.01, 1.22, 0.13, 0.01627, 0.45976, -0.06270, 0.88568
-0.01, 1.22, 0.13, 0.01582, 0.45475, -0.06322, 0.88823
-0.01, 1.22, 0.13, 0.01501, 0.44995, -0.06470, 0.89058
-0.01, 1.22, 0.13, 0.01458, 0.44583, -0.06583, 0.89258
-0.01, 1.22, 0.13, 0.01429, 0.44177, -0.06678, 0.89453
-0.01, 1.22, 0.13, 0.01305, 0.43822, -0.06665, 0.89630
-0.01, 1.22, 0.13, 0.01178, 0.43461, -0.06617, 0.89811
-0.01, 1.22, 0.13, 0.01071, 0.43062, -0.06580, 0.90007
-0.01, 1.22, 0.13, 0.01030, 0.42670, -0.06552, 0.90196
-0.01, 1.22, 0.13, 0.01027, 0.42285, -0.06465, 0.90383
-0.01, 1.22, 0.13, 0.01070, 0.41972, -0.06397, 0.90533
-0.01, 1.22, 0.13, 0.01129, 0.41640, -0.06366, 0.90688
-0.01, 1.22, 0.13, 0.01120, 0.41355, -0.06378, 0.90818
-0.01, 1.22, 0.13, 0.01134, 0.41096, -0.06432, 0.90931
-0.01, 1.22, 0.13, 0.01222, 0.40862, -0.06503, 0.91030
-0.02, 1.22, 0.13, 0.01325, 0.40625, -0.06470, 0.91137
-0.02, 1.22, 0.13, 0.01412, 0.40422, -0.06390, 0.91232
-0.02, 1.22, 0.13, 0.01374, 0.40242, -0.06278, 0.91320
-0.02, 1.22, 0.13, 0.01329, 0.40050, -0.06157, 0.91413
-0.02, 1.22, 0.13, 0.01319, 0.39845, -0.06049, 0.91510
-0.02, 1.22, 0.13, 0.01299, 0.39652, -0.05900, 0.91603
-0.02, 1.22, 0.13, 0.01258, 0.39462, -0.05727, 0.91697
-0.02, 1.22, 0.13, 0.01239, 0.39321, -0.05583, 0.91767
-0.02, 1.22, 0.13, 0.01170, 0.39157, -0.05421, 0.91847
-0.02, 1.22, 0.13, 0.01211, 0.38984, -0.05242, 0.91931
-0.02, 1.22, 0.13, 0.01302, 0.38786, -0.05042, 0.92025
-0.02, 1.22, 0.13, 0.01449, 0.38536, -0.04834, 0.92139
-0.03, 1.22, 0.13, 0.01578, 0.38262, -0.04650, 0.92260
-0.03, 1.22, 0.14, 0.01597, 0.37945, -0.04465, 0.92400
-0.03, 1.23, 0.14, 0.01521, 0.37561, -0.04335, 0.92564
-0.03, 1.23, 0.14, 0.01406, 0.37124, -0.04233, 0.92746
-0.03, 1.23, 0.14, 0.01277, 0.36657, -0.04134, 0.92938
-0.03, 1.23, 0.14, 0.01271, 0.36188, -0.04058, 0.93125
-0.03, 1.23, 0.14, 0.01310, 0.35716, -0.03995, 0.93310
-0.03, 1.23, 0.14, 0.01305, 0.35233, -0.03915, 0.93497
-0.03, 1.23, 0.14, 0.01357, 0.34714, -0.03818, 0.93694
-0.03, 1.23, 0.14, 0.01386, 0.34245, -0.03724, 0.93870
-0.03, 1.23, 0.14, 0.01432, 0.33753, -0.03634, 0.94050
-0.04, 1.23, 0.14, 0.01458, 0.33262, -0.03583, 0.94227
-0.04, 1.23, 0.14, 0.01495, 0.32724, -0.03474, 0.94418
-0.04, 1.23, 0.14, 0.01504, 0.32234, -0.03389, 0.94590
-0.04, 1.23, 0.14, 0.01583, 0.31722, -0.03348, 0.94763
-0.04, 1.23, 0.14, 0.01715, 0.31177, -0.03309, 0.94943
-0.04, 1.23, 0.14, 0.01895, 0.30598, -0.03267, 0.95129
-0.04, 1.23, 0.14, 0.02129, 0.29984, -0.03222, 0.95321
-0.04, 1.23, 0.14, 0.02411, 0.29308, -0.03210, 0.95525
-0.04, 1.22, 0.14, 0.02783, 0.28617, -0.03248, 0.95722
-0.04, 1.22, 0.14, 0.03109, 0.27873, -0.03269, 0.95931
-0.04, 1.22, 0.14, 0.03340, 0.27074, -0.03237, 0.96153
-0.05, 1.22, 0.15, 0.03415, 0.26279, -0.03232, 0.96371
-0.05, 1.22, 0.15, 0.03480, 0.25566, -0.03315, 0.96557
-0.05, 1.22, 0.15, 0.03566, 0.24906, -0.03415, 0.96723
-0.05, 1.22, 0.15, 0.03715, 0.24293, -0.03459, 0.96871
-0.05, 1.22, 0.15, 0.03815, 0.23731, -0.03427, 0.97008
-0.05, 1.22, 0.15, 0.03864, 0.23162, -0.03310, 0.97148
-0.05, 1.22, 0.15, 0.03936, 0.22571, -0.03201, 0.97287
-0.05, 1.22, 0.15, 0.03929, 0.21982, -0.03099, 0.97426
-0.05, 1.22, 0.15, 0.03933, 0.21390, -0.03002, 0.97560
-0.05, 1.22, 0.15, 0.03937, 0.20838, -0.02928, 0.97682
-0.05, 1.22, 0.15, 0.03983, 0.20353, -0.02871, 0.97784
-0.05, 1.22, 0.15, 0.03999, 0.19882, -0.02853, 0.97880
-0.05, 1.22, 0.15, 0.04067, 0.19364, -0.02800, 0.97983
-0.06, 1.22, 0.15, 0.04108, 0.18862, -0.02736, 0.98081
-0.06, 1.22, 0.15, 0.04155, 0.18330, -0.02658, 0.98182
-0.06, 1.22, 0.15, 0.04172, 0.17818, -0.02581, 0.98277
-0.06, 1.22, 0.15, 0.04202, 0.17317, -0.02528, 0.98367
-0.06, 1.22, 0.15, 0.04230, 0.16810, -0.02485, 0.98455
-0.06, 1.22, 0.15, 0.04301, 0.16307, -0.02391, 0.98539
-0.06, 1.22, 0.15, 0.04399, 0.15785, -0.02288, 0.98622
-0.06, 1.22, 0.15, 0.04497, 0.15258, -0.02180, 0.98703
-0.06, 1.22, 0.15, 0.04619, 0.14733, -0.02114, 0.98778
-0.06, 1.22, 0.15, 0.04701, 0.14205, -0.02063, 0.98853
-0.06, 1.22, 0.15, 0.04745, 0.13690, -0.02059, 0.98923
-0.06, 1.22, 0.15, 0.04810, 0.13172, -0.02099, 0.98990
-0.06, 1.22, 0.16, 0.04861, 0.12646, -0.02174, 0.99054
-0.06, 1.22, 0.16, 0.04889, 0.12122, -0.02240, 0.99117
-0.06, 1.22, 0.16, 0.04896, 0.11609, -0.02311, 0.99176
-0.07, 1.22, 0.16, 0.04926, 0.11122, -0.02390, 0.99229
-0.07, 1.22, 0.16, 0.04964, 0.10629, -0.02431, 0.99280
-0.07, 1.22, 0.16, 0.05010, 0.10160, -0.02453, 0.99326
-0.07, 1.22, 0.16, 0.05063, 0.09689, -0.02488, 0.99370
-0.07, 1.22, 0.16, 0.05121, 0.09204, -0.02494, 0.99412
-0.07, 1.22, 0.16, 0.05146, 0.08734, -0.02482, 0.99454
-0.07, 1.22, 0.16, 0.05146, 0.08236, -0.02434, 0.99498
-0.07, 1.22, 0.16, 0.05198, 0.07743, -0.02375, 0.99536
-0.07, 1.22, 0.16, 0.05201, 0.07225, -0.02288, 0.99577
-0.07, 1.22, 0.16, 0.05178, 0.06666, -0.02173, 0.99619
-0.07, 1.22, 0.16, 0.05152, 0.06058, -0.02063, 0.99662
-0.07, 1.22, 0.16, 0.05151, 0.05438, -0.01951, 0.99700
-0.07, 1.22, 0.16, 0.05157, 0.04827, -0.01854, 0.99733
-0.07, 1.22, 0.16, 0.05141, 0.04215, -0.01776, 0.99763
-0.08, 1.22, 0.16, 0.05113, 0.03577, -0.01676, 0.99791
-0.08, 1.22, 0.16, 0.05077, 0.02912, -0.01583, 0.99816
-0.08, 1.22, 0.16, 0.05071, 0.02214, -0.01466, 0.99836
-0.08, 1.22, 0.16, 0.05051, 0.01528, -0.01390, 0.99851
-0.08, 1.22, 0.16, 0.05025, 0.00896, -0.01280, 0.99861
-0.08, 1.22, 0.16, 0.04933, 0.00296, -0.01164, 0.99871
-0.08, 1.22, 0.16, 0.04898, -0.00255, -0.01014, 0.99875
-0.08, 1.22, 0.16, 0.04862, -0.00817, -0.00873, 0.99875
-0.08, 1.22, 0.16, 0.04818, -0.01376, -0.00751, 0.99872
-0.08, 1.22, 0.16, 0.04783, -0.01958, -0.00647, 0.99864
-0.08, 1.22, 0.16, 0.04739, -0.02541, -0.00543, 0.99854
-0.08, 1.22, 0.16, 0.04674, -0.03062, -0.00461, 0.99843
-0.09, 1.22, 0.16, 0.04638, -0.03579, -0.00391, 0.99828
-0.09, 1.22, 0.16, 0.04572, -0.04056, -0.00336, 0.99813
-0.09, 1.22, 0.16, 0.04520, -0.04553, -0.00275, 0.99794
-0.09, 1.22, 0.16, 0.04469, -0.05080, -0.00251, 0.99771
-0.09, 1.22, 0.16, 0.04473, -0.05656, -0.00231, 0.99739
-0.09, 1.22, 0.16, 0.04440, -0.06205, -0.00261, 0.99708
-0.09, 1.22, 0.16, 0.04404, -0.06735, -0.00278, 0.99675
-0.09, 1.22, 0.16, 0.04363, -0.07289, -0.00305, 0.99638
-0.09, 1.22, 0.16, 0.04323, -0.07819, -0.00331, 0.99600
-0.09, 1.22, 0.16, 0.04296, -0.08347, -0.00418, 0.99558
-0.09, 1.22, 0.16, 0.04269, -0.08893, -0.00523, 0.99511
-0.09, 1.22, 0.16, 0.04281, -0.09448, -0.00608, 0.99459
-0.10, 1.22, 0.16, 0.04262, -0.09987, -0.00667, 0.99406
-0.10, 1.22, 0.16, 0.04196, -0.10498, -0.00711, 0.99356
-0.10, 1.22, 0.16, 0.04147, -0.10994, -0.00754, 0.99304
-0.10, 1.22, 0.16, 0.04076, -0.11473, -0.00801, 0.99253
-0.10, 1.22, 0.16, 0.04024, -0.11944, -0.00844, 0.99199
-0.10, 1.22, 0.16, 0.03959, -0.12415, -0.00907, 0.99143
-0.10, 1.22, 0.16, 0.03927, -0.12880, -0.00949, 0.99085
-0.10, 1.22, 0.16, 0.03879, -0.13317, -0.00969, 0.99029
-0.10, 1.22, 0.16, 0.03832, -0.13755, -0.00947, 0.98971
-0.10, 1.22, 0.16, 0.03782, -0.14167, -0.00941, 0.98915
-0.10, 1.22, 0.16, 0.03759, -0.14600, -0.00924, 0.98853
-0.10, 1.22, 0.16, 0.03758, -0.15046, -0.00930, 0.98786
-0.10, 1.22, 0.16, 0.03747, -0.15486, -0.00945, 0.98718
-0.11, 1.22, 0.15, 0.03716, -0.15942, -0.00965, 0.98646
-0.11, 1.22, 0.15, 0.03653, -0.16411, -0.00969, 0.98572
-0.11, 1.22, 0.15, 0.03628, -0.16858, -0.00993, 0.98497
-0.11, 1.22, 0.15, 0.03597, -0.17313, -0.01042, 0.98419
-0.11, 1.22, 0.15, 0.03612, -0.17795, -0.01112, 0.98331
-0.11, 1.22, 0.15, 0.03633, -0.18303, -0.01168, 0.98237
-0.11, 1.22, 0.15, 0.03622, -0.18827, -0.01177, 0.98138
-0.11, 1.22, 0.15, 0.03589, -0.19402, -0.01178, 0.98027
-0.11, 1.22, 0.15, 0.03567, -0.19963, -0.01175, 0.97915
-0.11, 1.22, 0.15, 0.03549, -0.20550, -0.01177, 0.97794
-0.11, 1.22, 0.15, 0.03533, -0.21128, -0.01165, 0.97672
-0.12, 1.22, 0.15, 0.03494, -0.21726, -0.01177, 0.97542
-0.12, 1.22, 0.15, 0.03494, -0.22324, -0.01158, 0.97407
-0.12, 1.22, 0.15, 0.03473, -0.22924, -0.01139, 0.97268
-0.12, 1.22, 0.15, 0.03469, -0.23547, -0.01098, 0.97120
-0.12, 1.22, 0.15, 0.03450, -0.24163, -0.01050, 0.96970
-0.12, 1.22, 0.15, 0.03427, -0.24784, -0.01002, 0.96814
-0.12, 1.22, 0.14, 0.03387, -0.25385, -0.00939, 0.96661
-0.12, 1.22, 0.14, 0.03330, -0.25955, -0.00875, 0.96512
-0.12, 1.22, 0.14, 0.03284, -0.26482, -0.00836, 0.96370
-0.12, 1.22, 0.14, 0.03250, -0.26995, -0.00803, 0.96229
-0.13, 1.22, 0.14, 0.03202, -0.27499, -0.00753, 0.96088
-0.13, 1.22, 0.14, 0.03193, -0.27986, -0.00690, 0.95949
-0.13, 1.22, 0.14, 0.03190, -0.28484, -0.00653, 0.95802
-0.13, 1.22, 0.14, 0.03171, -0.28987, -0.00651, 0.95652
-0.13, 1.22, 0.14, 0.03133, -0.29437, -0.00625, 0.95516
-0.13, 1.23, 0.14, 0.03070, -0.29884, -0.00582, 0.95379
-0.13, 1.23, 0.14, 0.03008, -0.30338, -0.00529, 0.95238
-0.13, 1.23, 0.14, 0.02946, -0.30801, -0.00460, 0.95092
-0.13, 1.23, 0.13, 0.02891, -0.31238, -0.00414, 0.94951
-0.14, 1.23, 0.13, 0.02854, -0.31690, -0.00353, 0.94802
-0.14, 1.23, 0.13, 0.02805, -0.32110, -0.00285, 0.94663
-0.14, 1.23, 0.13, 0.02799, -0.32542, -0.00229, 0.94515
-0.14, 1.23, 0.13, 0.02772, -0.33005, -0.00159, 0.94355
-0.14, 1.23, 0.13, 0.02737, -0.33456, -0.00111, 0.94198
-0.14, 1.23, 0.13, 0.02716, -0.33928, -0.00061, 0.94029
-0.14, 1.23, 0.13, 0.02705, -0.34367, -0.00023, 0.93870
-0.14, 1.23, 0.13, 0.02742, -0.34829, -0.00037, 0.93698
-0.14, 1.23, 0.13, 0.02770, -0.35288, 0.00014, 0.93526
-0.14, 1.23, 0.13, 0.02762, -0.35730, 0.00030, 0.93358
-0.15, 1.23, 0.13, 0.02789, -0.36163, 0.00082, 0.93190
-0.15, 1.23, 0.13, 0.02798, -0.36577, 0.00080, 0.93028
-0.15, 1.22, 0.13, 0.02802, -0.37009, 0.00076, 0.92857
-0.15, 1.22, 0.13, 0.02790, -0.37425, 0.00088, 0.92691
-0.15, 1.22, 0.12, 0.02797, -0.37855, 0.00135, 0.92516
-0.15, 1.22, 0.12, 0.02795, -0.38272, 0.00170, 0.92344
-0.15, 1.22, 0.12, 0.02809, -0.38673, 0.00214, 0.92176
-0.15, 1.22, 0.12, 0.02821, -0.39067, 0.00235, 0.92009
-0.15, 1.22, 0.12, 0.02822, -0.39460, 0.00290, 0.91841
-0.15, 1.22, 0.12, 0.02840, -0.39811, 0.00316, 0.91689
-0.15, 1.22, 0.12, 0.02841, -0.40135, 0.00354, 0.91548
-0.16, 1.22, 0.12, 0.02836, -0.40440, 0.00392, 0.91414
-0.16, 1.22, 0.12, 0.02809, -0.40757, 0.00412, 0.91273
-0.16, 1.22, 0.12, 0.02810, -0.41055, 0.00422, 0.91140
-0.16, 1.22, 0.12, 0.02758, -0.41357, 0.00459, 0.91004
-0.16, 1.22, 0.12, 0.02680, -0.41665, 0.00510, 0.90866
-0.16, 1.22, 0.12, 0.02587, -0.41982, 0.00571, 0.90722
-0.16, 1.22, 0.12, 0.02478, -0.42374, 0.00664, 0.90542
-0.16, 1.22, 0.11, 0.02385, -0.42790, 0.00757, 0.90348
-0.16, 1.22, 0.11, 0.02350, -0.43189, 0.00836, 0.90158
-0.16, 1.22, 0.11, 0.02333, -0.43592, 0.00889, 0.89964
-0.16, 1.22, 0.11, 0.02334, -0.43998, 0.00911, 0.89766
-0.16, 1.22, 0.11, 0.02310, -0.44437, 0.00930, 0.89550
-0.16, 1.22, 0.11, 0.02285, -0.44847, 0.00977, 0.89345
-0.16, 1.22, 0.11, 0.02255, -0.45249, 0.01013, 0.89143
-0.16, 1.22, 0.11, 0.02202, -0.45590, 0.01045, 0.88970
-0.17, 1.22, 0.11, 0.02123, -0.45888, 0.01090, 0.88818
-0.17, 1.22, 0.11, 0.02032, -0.46167, 0.01132, 0.88675
-0.17, 1.22, 0.11, 0.01942, -0.46411, 0.01167, 0.88549
-0.17, 1.22, 0.11, 0.01884, -0.46633, 0.01221, 0.88433
-0.17, 1.22, 0.10, 0.01840, -0.46837, 0.01241, 0.88326
-0.17, 1.22, 0.10, 0.01812, -0.47024, 0.01247, 0.88226
-0.17, 1.22, 0.10, 0.01819, -0.47208, 0.01266, 0.88128
-0.17, 1.22, 0.10, 0.01833, -0.47368, 0.01255, 0.88042
-0.17, 1.22, 0.10, 0.01840, -0.47511, 0.01241, 0.87965
-0.17, 1.22, 0.10, 0.01847, -0.47661, 0.01244, 0.87883
-0.17, 1.22, 0.10, 0.01881, -0.47795, 0.01239, 0.87810
-0.17, 1.22, 0.10, 0.01908, -0.47931, 0.01213, 0.87736
-0.17, 1.22, 0.10, 0.01931, -0.48037, 0.01184, 0.87677
-0.17, 1.22, 0.10, 0.01976, -0.48148, 0.01150, 0.87616
-0.17, 1.22, 0.10, 0.02031, -0.48256, 0.01129, 0.87556
-0.17, 1.22, 0.10, 0.02110, -0.48359, 0.01099, 0.87497
-0.17, 1.22, 0.10, 0.02215, -0.48456, 0.01058, 0.87441
-0.17, 1.22, 0.10, 0.02300, -0.48534, 0.01015, 0.87396
-0.17, 1.22, 0.10, 0.02338, -0.48592, 0.00987, 0.87364
-0.17, 1.22, 0.10, 0.02368, -0.48642, 0.00950, 0.87335
-0.17, 1.22, 0.10, 0.02400, -0.48698, 0.00930, 0.87303
-0.17, 1.22, 0.10, 0.02445, -0.48765, 0.00912, 0.87265
-0.17, 1.22, 0.10, 0.02533, -0.48821, 0.00888, 0.87231
-0.17, 1.22, 0.10, 0.02585, -0.48870, 0.00841, 0.87203
-0.17, 1.22, 0.10, 0.02655, -0.48908, 0.00800, 0.87180
-0.16, 1.22, 0.10, 0.02742, -0.48947, 0.00746, 0.87155
-0.16, 1.22, 0.10, 0.02782, -0.48996, 0.00713, 0.87127
-0.16, 1.22, 0.10, 0.02803, -0.49036, 0.00684, 0.87104
-0.16, 1.22, 0.10, 0.02848, -0.49081, 0.00665, 0.87078
-0.16, 1.22, 0.10, 0.02879, -0.49097, 0.00646, 0.87067
-0.16, 1.22, 0.10, 0.02921, -0.49118, 0.00621, 0.87055
-0.16, 1.22, 0.10, 0.02927, -0.49158, 0.00603, 0.87032
-0.16, 1.22, 0.10, 0.02954, -0.49196, 0.00604, 0.87010
-0.16, 1.22, 0.10, 0.02951, -0.49217, 0.00610, 0.86998
-0.16, 1.22, 0.10, 0.02967, -0.49221, 0.00593, 0.86995
-0.16, 1.22, 0.10, 0.02995, -0.49223, 0.00581, 0.86993
-0.16, 1.22, 0.10, 0.03014, -0.49234, 0.00563, 0.86986
-0.16, 1.22, 0.10, 0.03034, -0.49232, 0.00550, 0.86987
-0.16, 1.22, 0.10, 0.03058, -0.49224, 0.00533, 0.86991
-0.16, 1.22, 0.10, 0.03090, -0.49219, 0.00519, 0.86992
-0.16, 1.22, 0.10, 0.03126, -0.49194, 0.00506, 0.87005
-0.16, 1.22, 0.10, 0.03161, -0.49155, 0.00473, 0.87026
-0.16, 1.22, 0.10, 0.03182, -0.49125, 0.00447, 0.87042
-0.16, 1.22, 0.10, 0.03176, -0.49100, 0.00438, 0.87057
-0.16, 1.22, 0.10, 0.03186, -0.49075, 0.00457, 0.87071
-0.16, 1.22, 0.10, 0.03206, -0.49042, 0.00470, 0.87088
-0.16, 1.22, 0.10, 0.03232, -0.49006, 0.00449, 0.87108
-0.16, 1.22, 0.10, 0.03247, -0.48940, 0.00458, 0.87144
-0.16, 1.22, 0.10, 0.03253, -0.48888, 0.00447, 0.87173
-0.16, 1.22, 0.10, 0.03239, -0.48836, 0.00469, 0.87203
-0.16, 1.22, 0.10, 0.03248, -0.48812, 0.00498, 0.87216
-0.16, 1.22, 0.10, 0.03280, -0.48765, 0.00519, 0.87241
-0.16, 1.22, 0.10, 0.03293, -0.48714, 0.00514, 0.87269
-0.16, 1.22, 0.10, 0.03304, -0.48648, 0.00497, 0.87305
-0.16, 1.22, 0.10, 0.03310, -0.48585, 0.00495, 0.87340
-0.16, 1.22, 0.10, 0.03301, -0.48528, 0.00511, 0.87372
-0.16, 1.22, 0.10, 0.03307, -0.48490, 0.00536, 0.87393
-0.16, 1.22, 0.10, 0.03316, -0.48457, 0.00543, 0.87411
-0.16, 1.22, 0.10, 0.03354, -0.48396, 0.00553, 0.87443
-0.16, 1.22, 0.10, 0.03380, -0.48329, 0.00568, 0.87479
-0.16, 1.22, 0.10, 0.03376, -0.48264, 0.00564, 0.87515
-0.16, 1.22, 0.10, 0.03368, -0.48221, 0.00598, 0.87539
-0.16, 1.22, 0.10, 0.03364, -0.48167, 0.00636, 0.87569
-0.16, 1.22, 0.10, 0.03358, -0.48124, 0.00652, 0.87592
-0.16, 1.22, 0.10, 0.03362, -0.48076, 0.00671, 0.87618
-0.16, 1.22, 0.10, 0.03370, -0.48031, 0.00690, 0.87642
-0.16, 1.22, 0.10, 0.03389, -0.47981, 0.00701, 0.87669
-0.16, 1.22, 0.10, 0.03395, -0.47916, 0.00702, 0.87704
-0.16, 1.22, 0.10, 0.03375, -0.47854, 0.00691, 0.87739
-0.16, 1.22, 0.11, 0.03369, -0.47786, 0.00688, 0.87776
-0.16, 1.22, 0.11, 0.03367, -0.47716, 0.00691, 0.87814
-0.16, 1.22, 0.11, 0.03359, -0.47651, 0.00716, 0.87850
-0.16, 1.22, 0.11, 0.03388, -0.47580, 0.00734, 0.87887
-0.16, 1.22, 0.11, 0.03422, -0.47479, 0.00747, 0.87940
-0.16, 1.22, 0.11, 0.03429, -0.47330, 0.00761, 0.88020
-0.16, 1.22, 0.11, 0.03414, -0.47169, 0.00752, 0.88107
-0.16, 1.22, 0.11, 0.03382, -0.46963, 0.00758, 0.88218
-0.16, 1.22, 0.11, 0.03367, -0.46773, 0.00789, 0.88320
-0.16, 1.22, 0.11, 0.03349, -0.46547, 0.00840, 0.88439
-0.16, 1.22, 0.11, 0.03347, -0.46309, 0.00855, 0.88564
-0.16, 1.22, 0.11, 0.03348, -0.46036, 0.00874, 0.88706
-0.16, 1.22, 0.11, 0.03342, -0.45739, 0.00887, 0.88860
-0.16, 1.22, 0.11, 0.03304, -0.45451, 0.00912, 0.89008
-0.16, 1.22, 0.11, 0.03262, -0.45149, 0.00973, 0.89163
-0.16, 1.22, 0.11, 0.03187, -0.44891, 0.01039, 0.89295
-0.16, 1.22, 0.11, 0.03157, -0.44643, 0.01088, 0.89419
-0.16, 1.22, 0.11, 0.03107, -0.44390, 0.01124, 0.89546
-0.16, 1.22, 0.11, 0.03073, -0.44142, 0.01143, 0.89670
-0.16, 1.22, 0.11, 0.03046, -0.43919, 0.01146, 0.89780
-0.16, 1.22, 0.11, 0.03039, -0.43712, 0.01150, 0.89882
-0.16, 1.22, 0.11, 0.03020, -0.43535, 0.01146, 0.89968
-0.16, 1.22, 0.11, 0.03026, -0.43360, 0.01160, 0.90052
-0.16, 1.22, 0.11, 0.03013, -0.43227, 0.01174, 0.90116
-0.16, 1.22, 0.11, 0.03001, -0.43084, 0.01182, 0.90185
-0.16, 1.22, 0.11, 0.02993, -0.42984, 0.01181, 0.90233
-0.16, 1.22, 0.11, 0.02999, -0.42901, 0.01191, 0.90272
-0.16, 1.22, 0.11, 0.03015, -0.42836, 0.01199, 0.90303
-0.16, 1.22, 0.11, 0.03028, -0.42767, 0.01199, 0.90335
-0.16, 1.22, 0.11, 0.03068, -0.42710, 0.01168, 0.90361
-0.16, 1.22, 0.11, 0.03120, -0.42665, 0.01181, 0.90380
-0.16, 1.22, 0.11, 0.03135, -0.42626, 0.01161, 0.90398
-0.15, 1.22, 0.11, 0.03166, -0.42582, 0.01149, 0.90418
-0.15, 1.22, 0.11, 0.03213, -0.42528, 0.01153, 0.90442
-0.15, 1.22, 0.11, 0.03239, -0.42476, 0.01146, 0.90465
-0.15, 1.22, 0.11, 0.03279, -0.42413, 0.01149, 0.90494
-0.15, 1.22, 0.11, 0.03334, -0.42337, 0.01173, 0.90527
-0.15, 1.22, 0.11, 0.03382, -0.42240, 0.01187, 0.90570
-0.15, 1.22, 0.11, 0.03414, -0.42158, 0.01196, 0.90607
-0.15, 1.22, 0.11, 0.03416, -0.42069, 0.01221, 0.90648
-0.15, 1.22, 0.11, 0.03424, -0.41973, 0.01232, 0.90692
-0.15, 1.22, 0.11, 0.03439, -0.41890, 0.01234, 0.90730
-0.15, 1.22, 0.11, 0.03446, -0.41797, 0.01232, 0.90772
-0.15, 1.22, 0.11, 0.03490, -0.41689, 0.01235, 0.90820
-0.15, 1.22, 0.11, 0.03515, -0.41578, 0.01224, 0.90870
-0.15, 1.22, 0.11, 0.03543, -0.41475, 0.01220, 0.90916
-0.15, 1.22, 0.11, 0.03545, -0.41367, 0.01218, 0.90966
-0.15, 1.22, 0.11, 0.03551, -0.41264, 0.01236, 0.91012
-0.15, 1.22, 0.11, 0.03573, -0.41141, 0.01251, 0.91067
-0.15, 1.22, 0.11, 0.03579, -0.41018, 0.01273, 0.91121
-0.15, 1.22, 0.11, 0.03598, -0.40894, 0.01282, 0.91176
-0.15, 1.22, 0.11, 0.03601, -0.40745, 0.01299, 0.91242
-0.15, 1.22, 0.11, 0.03584, -0.40588, 0.01306, 0.91313
-0.15, 1.22, 0.11, 0.03587, -0.40458, 0.01358, 0.91370
-0.15, 1.22, 0.11, 0.03560, -0.40289, 0.01405, 0.91445
-0.15, 1.22, 0.11, 0.03555, -0.40127, 0.01424, 0.91516
-0.15, 1.22, 0.11, 0.03523, -0.39949, 0.01418, 0.91595
-0.15, 1.22, 0.11, 0.03512, -0.39775, 0.01398, 0.91672
-0.15, 1.22, 0.11, 0.03516, -0.39587, 0.01385, 0.91753
-0.15, 1.22, 0.11, 0.03495, -0.39416, 0.01385, 0.91827
-0.15, 1.22, 0.11, 0.03491, -0.39239, 0.01386, 0.91903
-0.15, 1.22, 0.11, 0.03517, -0.39066, 0.01410, 0.91975
-0.15, 1.22, 0.11, 0.03502, -0.38902, 0.01405, 0.92046
-0.15, 1.22, 0.11, 0.03480, -0.38748, 0.01409, 0.92112
-0.15, 1.22, 0.11, 0.03473, -0.38591, 0.01417, 0.92177
-0.15, 1.22, 0.11, 0.03443, -0.38426, 0.01422, 0.92247
-0.15, 1.22, 0.11, 0.03430, -0.38267, 0.01434, 0.92314
-0.15, 1.22, 0.11, 0.03399, -0.38120, 0.01467, 0.92375
-0.15, 1.22, 0.11, 0.03371, -0.37954, 0.01484, 0.92444
-0.15, 1.22, 0.11, 0.03334, -0.37817, 0.01523, 0.92501
-0.15, 1.22, 0.11, 0.03308, -0.37671, 0.01545, 0.92561
-0.15, 1.22, 0.11, 0.03271, -0.37511, 0.01522, 0.92628
-0.15, 1.22, 0.11, 0.03249, -0.37368, 0.01531, 0.92686
-0.15, 1.22, 0.11, 0.03224, -0.37213, 0.01530, 0.92749
-0.15, 1.22, 0.11, 0.03183, -0.37054, 0.01522, 0.92815
-0.15, 1.22, 0.12, 0.03148, -0.36904, 0.01504, 0.92876
-0.15, 1.22, 0.12, 0.03103, -0.36765, 0.01483, 0.92933
-0.15, 1.22, 0.12, 0.03062, -0.36638, 0.01463, 0.92985
-0.15, 1.22, 0.12, 0.03027, -0.36501, 0.01446, 0.93040
-0.15, 1.22, 0.12, 0.02947, -0.36092, 0.01399, 0.93203
-0.15, 1.22, 0.12, 0.02962, -0.35947, 0.01382, 0.93259
-0.15, 1.22, 0.12, 0.02945, -0.35810, 0.01326, 0.93313
-0.15, 1.22, 0.12, 0.02945, -0.35667, 0.01305, 0.93367
-0.14, 1.22, 0.12, 0.02967, -0.35519, 0.01310, 0.93423
-0.14, 1.22, 0.12, 0.02974, -0.35376, 0.01292, 0.93478
-0.14, 1.23, 0.12, 0.02971, -0.35209, 0.01276, 0.93541
-0.14, 1.23, 0.12, 0.02980, -0.35044, 0.01259, 0.93603
-0.14, 1.23, 0.12, 0.02982, -0.34859, 0.01249, 0.93672
-0.14, 1.23, 0.12, 0.02995, -0.34673, 0.01240, 0.93740
-0.14, 1.23, 0.12, 0.02991, -0.34483, 0.01235, 0.93811
-0.14, 1.23, 0.12, 0.03009, -0.34295, 0.01242, 0.93879
-0.14, 1.23, 0.12, 0.02996, -0.34072, 0.01238, 0.93960
-0.14, 1.23, 0.12, 0.03017, -0.33860, 0.01238, 0.94036
