0.00, 0.00, 0.00, 0.00000, 0.00000, 0.00000, 1.00000
0.00, 0.00, 0.00, 0.00000, 0.00000, 0.00000, 1.00000
0.00, 0.00, 0.00, 0.00000, 0.00000, 0.00000, 1.00000
0.00, 0.00, 0.00, 0.00000, 0.00000, 0.00000, 1.00000
0.00, 0.00, 0.00, 0.00000, 0.00000, 0.00000, 1.00000
0.00, 0.00, 0.00, 0.00000, 0.00000, 0.00000, 1.00000
0.00, 0.00, 0.00, 0.00000, 0.00000, 0.00000, 1.00000
0.00, 0.00, 0.00, 0.00000, 0.00000, 0.00000, 1.00000
0.00, 0.00, 0.00, 0.00000, 0.00000, 0.00000, 1.00000
0.00, 0.00, 0.00, 0.00000, 0.00000, 0.00000, 1.00000
0.00, 0.00, 0.00, 0.00000, 0.00000, 0.00000, 1.00000
0.00, 0.00, 0.00, 0.00000, 0.00000, 0.00000, 1.00000
0.00, 0.00, 0.00, 0.00000, 0.00000, 0.00000, 1.00000
0.00, 0.00, 0.00, 0.00000, 0.00000, 0.00000, 1.00000
0.00, 0.00, 0.00, 0.00000, 0.00000, 0.00000, 1.00000
0.00, 0.00, 0.00, 0.00000, 0.00000, 0.00000, 1.00000
0.00, 0.00, 0.00, 0.00000, 0.00000, 0.00000, 1.00000
0.00, 0.00, 0.00, 0.00000, 0.00000, 0.00000, 1.00000
0.00, 0.00, 0.00, 0.00000, 0.00000, 0.00000, 1.00000
0.00, 0.00, 0.00, 0.00000, 0.00000, 0.00000, 1.00000
0.00, 0.00, 0.00, 0.00000, 0.00000, 0.00000, 1.00000
0.00, 0.00, 0.00, 0.00000, 0.00000, 0.00000, 1.00000
0.00, 0.00, 0.00, 0.00000, 0.00000, 0.00000, 1.00000
0.00, 0.00, 0.00, 0.00000, 0.00000, 0.00000, 1.00000
0.00, 0.00, 0.00, 0.00000, 0.00000, 0.00000, 1.00000
0.00, 0.00, 0.00, 0.00000, 0.00000, 0.00000, 1.00000
0.00, 0.00, 0.00, 0.00000, 0.00000, 0.00000, 1.00000
0.00, 0.00, 0.00, 0.00000, 0.00000, 0.00000, 1.00000
0.00, 0.00, 0.00, 0.00000, 0.00000, 0.00000, 1.00000
0.00, 0.00, 0.00, 0.00000, 0.00000, 0.00000, 1.00000
0.00, 0.00, 0.00, 0.00000, 0.00000, 0.00000, 1.00000
0.00, 0.00, 0.00, 0.00000, 0.00000, 0.00000, 1.00000
0.00, 0.00, 0.00, 0.00000, 0.00000, 0.00000, 1.00000
0.00, 0.00, 0.00, 0.00000, 0.00000, 0.00000, 1.00000
0.00, 0.00, 0.00, 0.00000, 0.00000, 0.00000, 1.00000
0.00, 0.00, 0.00, 0.00000, 0.00000, 0.00000, 1.00000
0.00, 0.00, 0.00, 0.00000, 0.00000, 0.00000, 1.00000
0.00, 0.00, 0.00, 0.00000, 0.00000, 0.00000, 1.00000
0.00, 0.00, 0.00, 0.00000, 0.00000, 0.00000, 1.00000
0.00, 0.00, 0.00, 0.00000, 0.00000, 0.00000, 1.00000
0.00, 0.00, 0.00, 0.00000, 0.00000, 0.00000, 1.00000
0.00, 0.00, 0.00, 0.00000, 0.00000, 0.00000, 1.00000
0.00, 0.00, 0.00, 0.00000, 0.00000, 0.00000, 1.00000
0.00, 0.00, 0.00, 0.00000, 0.00000, 0.00000, 1.00000
0.00, 0.00, 0.00, 0.00000, 0.00000, 0.00000, 1.00000
0.00, 0.00, 0.00, 0.00000, 0.00000, 0.00000, 1.00000
0.00, 0.00, 0.00, 0.00000, 0.00000, 0.00000, 1.00000
0.00, 0.00, 0.00, 0.00000, 0.00000, 0.00000, 1.00000
0.00, 0.00, 0.00, 0.00000, 0.00000, 0.00000, 1.00000
0.00, 0.00, 0.00, 0.00000, 0.00000, 0.00000, 1.00000
0.00, 0.00, 0.00, 0.00000, 0.00000, 0.00000, 1.00000
0.00, 0.00, 0.00, 0.00000, 0.00000, 0.00000, 1.00000
0.00, 0.00, 0.00, 0.00000, 0.00000, 0.00000, 1.00000
0.00, 0.00, 0.00, 0.00000, 0.00000, 0.00000, 1.00000
0.00, 0.00, 0.00, 0.00000, 0.00000, 0.00000, 1.00000
0.00, 0.00, 0.00, 0.00000, 0.00000, 0.00000, 1.00000
0.00, 0.00, 0.00, 0.00000, 0.00000, 0.00000, 1.00000
0.00, 0.00, 0.00, 0.00000, 0.00000, 0.00000, 1.00000
0.00, 0.00, 0.00, 0.00000, 0.00000, 0.00000, 1.00000
0.00, 0.00, 0.00, 0.00000, 0.00000, 0.00000, 1.00000
0.00, 0.00, 0.00, 0.00000, 0.00000, 0.00000, 1.00000
0.00, 0.00, 0.00, 0.00000, 0.00000, 0.00000, 1.00000
0.00, 0.00, 0.00, 0.00000, 0.00000, 0.00000, 1.00000
0.31, 1.26, 0.20, -0.07390, 0.11138, -0.00049, -0.99103
0.31, 1.26, 0.20, -0.07517, 0.11085, -0.00053, -0.99099
0.31, 1.26, 0.20, -0.07819, 0.10893, -0.00034, -0.99097
0.31, 1.26, 0.20, -0.07914, 0.10868, -0.00032, -0.99092
0.31, 1.26, 0.20, -0.07996, 0.10817, -0.00007, -0.99091
0.31, 1.26, 0.20, -0.08096, 0.10818, -0.00023, -0.99083
0.31, 1.26, 0.20, -0.08166, 0.10787, 0.00009, -0.99081
0.31, 1.26, 0.20, -0.08259, 0.10770, 0.00007, -0.99075
0.31, 1.26, 0.20, -0.08322, 0.10764, 0.00017, -0.99070
0.31, 1.26, 0.20, -0.08362, 0.10739, 0.00025, -0.99069
0.31, 1.26, 0.20, -0.08374, 0.10720, 0.00027, -0.99070
0.31, 1.26, 0.20, -0.08407, 0.10719, 0.00027, -0.99068
0.31, 1.26, 0.20, -0.08439, 0.10696, 0.00021, -0.99068
0.31, 1.26, 0.20, -0.08471, 0.10691, 0.00022, -0.99065
0.31, 1.26, 0.20, -0.08519, 0.10685, 0.00033, -0.99062
0.31, 1.26, 0.20, -0.08564, 0.10669, 0.00038, -0.99060
0.31, 1.26, 0.21, -0.08613, 0.10660, 0.00045, -0.99056
0.31, 1.26, 0.21, -0.08652, 0.10648, 0.00053, -0.99054
0.31, 1.26, 0.21, -0.08697, 0.10632, 0.00046, -0.99052
0.31, 1.26, 0.21, -0.08743, 0.10614, 0.00051, -0.99050
0.31, 1.26, 0.21, -0.08757, 0.10587, 0.00058, -0.99052
0.31, 1.26, 0.21, -0.08768, 0.10559, 0.00055, -0.99054
0.31, 1.26, 0.21, -0.08762, 0.10531, 0.00049, -0.99057
0.31, 1.26, 0.21, -0.08758, 0.10507, 0.00045, -0.99060
0.31, 1.26, 0.21, -0.08743, 0.10463, 0.00039, -0.99066
0.31, 1.26, 0.21, -0.08718, 0.10428, 0.00042, -0.99072
0.31, 1.26, 0.21, -0.08685, 0.10387, 0.00039, -0.99079
0.31, 1.26, 0.21, -0.08641, 0.10333, 0.00044, -0.99089
0.31, 1.26, 0.21, -0.08570, 0.10301, 0.00062, -0.99098
0.31, 1.26, 0.21, -0.08484, 0.10240, 0.00057, -0.99112
0.31, 1.26, 0.21, -0.08382, 0.10203, 0.00067, -0.99124
0.31, 1.26, 0.21, -0.08280, 0.10156, 0.00074, -0.99138
0.31, 1.26, 0.20, -0.08182, 0.10107, 0.00091, -0.99151
0.31, 1.26, 0.20, -0.08042, 0.10069, 0.00105, -0.99166
0.31, 1.26, 0.20, -0.07917, 0.10024, 0.00124, -0.99181
0.31, 1.26, 0.20, -0.07796, 0.09966, 0.00134, -0.99196
0.31, 1.26, 0.20, -0.07662, 0.09930, 0.00144, -0.99210
0.31, 1.26, 0.20, -0.07504, 0.09887, 0.00152, -0.99227
0.31, 1.26, 0.20, -0.07353, 0.09845, 0.00157, -0.99242
0.31, 1.26, 0.20, -0.07195, 0.09801, 0.00147, -0.99258
0.31, 1.26, 0.20, -0.07018, 0.09761, 0.00159, -0.99275
0.31, 1.26, 0.20, -0.06863, 0.09715, 0.00142, -0.99290
0.31, 1.26, 0.20, -0.06674, 0.09661, 0.00133, -0.99308
0.31, 1.26, 0.20, -0.06505, 0.09619, 0.00116, -0.99323
0.31, 1.26, 0.20, -0.06322, 0.09572, 0.00116, -0.99340
0.31, 1.26, 0.20, -0.06091, 0.09532, 0.00112, -0.99358
0.31, 1.26, 0.20, -0.05910, 0.09490, 0.00111, -0.99373
0.31, 1.26, 0.20, -0.05732, 0.09429, 0.00124, -0.99389
0.31, 1.26, 0.20, -0.05495, 0.09367, 0.00148, -0.99408
0.31, 1.26, 0.20, -0.05279, 0.09304, 0.00156, -0.99426
0.31, 1.26, 0.20, -0.05053, 0.09248, 0.00152, -0.99443
0.31, 1.26, 0.20, -0.04815, 0.09181, 0.00154, -0.99461
0.31, 1.26, 0.20, -0.04572, 0.09132, 0.00134, -0.99477
0.31, 1.26, 0.19, -0.04322, 0.09067, 0.00135, -0.99494
0.31, 1.26, 0.19, -0.04081, 0.09005, 0.00124, -0.99510
0.31, 1.26, 0.19, -0.03844, 0.08958, 0.00107, -0.99524
0.31, 1.26, 0.19, -0.03592, 0.08907, 0.00095, -0.99538
0.31, 1.26, 0.19, -0.03352, 0.08852, 0.00084, -0.99551
0.31, 1.26, 0.19, -0.03088, 0.08805, 0.00072, -0.99564
0.31, 1.27, 0.19, -0.02779, 0.08747, 0.00099, -0.99578
0.31, 1.27, 0.19, -0.02513, 0.08684, 0.00112, -0.99590
0.32, 1.27, 0.19, -0.02233, 0.08602, 0.00120, -0.99604
0.32, 1.27, 0.19, -0.01949, 0.08517, 0.00121, -0.99618
0.32, 1.27, 0.19, -0.01631, 0.08418, 0.00142, -0.99632
0.32, 1.27, 0.19, -0.01355, 0.08308, 0.00164, -0.99645
0.32, 1.27, 0.19, -0.01079, 0.08211, 0.00174, -0.99656
0.32, 1.27, 0.19, -0.00811, 0.08099, 0.00187, -0.99668
0.32, 1.27, 0.19, -0.00568, 0.08008, 0.00204, -0.99677
0.32, 1.27, 0.19, -0.00252, 0.07887, 0.00251, -0.99688
0.32, 1.27, 0.19, 0.00036, 0.07728, 0.00307, -0.99700
0.32, 1.27, 0.18, 0.00307, 0.07604, 0.00359, -0.99709
0.32, 1.27, 0.18, 0.00589, 0.07444, 0.00398, -0.99720
0.32, 1.27, 0.18, 0.00882, 0.07249, 0.00461, -0.99732
0.32, 1.27, 0.18, 0.01148, 0.07052, 0.00499, -0.99743
0.32, 1.27, 0.18, 0.01415, 0.06843, 0.00535, -0.99754
0.32, 1.27, 0.18, 0.01650, 0.06620, 0.00545, -0.99766
0.32, 1.27, 0.18, 0.01882, 0.06371, 0.00573, -0.99777
0.32, 1.27, 0.18, 0.02110, 0.06100, 0.00615, -0.99790
0.32, 1.27, 0.18, 0.02321, 0.05832, 0.00641, -0.99801
0.32, 1.27, 0.18, 0.02515, 0.05544, 0.00672, -0.99812
0.32, 1.27, 0.18, 0.02722, 0.05226, 0.00742, -0.99824
0.32, 1.27, 0.18, 0.02925, 0.04899, 0.00798, -0.99834
0.32, 1.27, 0.18, 0.03122, 0.04549, 0.00862, -0.99844
0.32, 1.27, 0.18, 0.03282, 0.04208, 0.00932, -0.99853
0.32, 1.27, 0.18, 0.03409, 0.03838, 0.01012, -0.99863
0.33, 1.27, 0.18, 0.03554, 0.03484, 0.01078, -0.99870
0.33, 1.27, 0.18, 0.03699, 0.03119, 0.01164, -0.99876
0.33, 1.27, 0.18, 0.03863, 0.02761, 0.01272, -0.99879
0.33, 1.27, 0.18, 0.04050, 0.02424, 0.01372, -0.99879
0.33, 1.27, 0.18, 0.04208, 0.02079, 0.01502, -0.99879
0.33, 1.27, 0.18, 0.04405, 0.01764, 0.01633, -0.99874
0.33, 1.28, 0.18, 0.04573, 0.01457, 0.01755, -0.99869
0.33, 1.28, 0.18, 0.04753, 0.01168, 0.01878, -0.99862
0.33, 1.28, 0.18, 0.04973, 0.00890, 0.02002, -0.99852
0.33, 1.28, 0.18, 0.05223, 0.00611, 0.02140, -0.99839
0.33, 1.28, 0.18, 0.05436, 0.00359, 0.02296, -0.99825
0.33, 1.28, 0.18, 0.05630, 0.00122, 0.02437, -0.99812
0.33, 1.28, 0.18, 0.05837, -0.00106, 0.02577, -0.99796
0.33, 1.28, 0.17, 0.06070, -0.00320, 0.02695, -0.99779
0.33, 1.28, 0.17, 0.06274, -0.00515, 0.02813, -0.99762
0.33, 1.28, 0.17, 0.06482, -0.00698, 0.02909, -0.99745
0.33, 1.28, 0.17, 0.06659, -0.00871, 0.02998, -0.99729
0.34, 1.28, 0.17, 0.06839, -0.01023, 0.03085, -0.99713
0.34, 1.28, 0.17, 0.07034, -0.01140, 0.03178, -0.99695
0.34, 1.28, 0.17, 0.07229, -0.01230, 0.03258, -0.99678
0.34, 1.28, 0.17, 0.07392, -0.01311, 0.03317, -0.99663
0.34, 1.28, 0.17, 0.07541, -0.01381, 0.03365, -0.99649
0.34, 1.28, 0.17, 0.07677, -0.01430, 0.03374, -0.99638
0.34, 1.28, 0.17, 0.07788, -0.01469, 0.03383, -0.99628
0.34, 1.28, 0.17, 0.07899, -0.01490, 0.03392, -0.99619
0.34, 1.28, 0.17, 0.08038, -0.01481, 0.03375, -0.99608
0.34, 1.28, 0.17, 0.08136, -0.01448, 0.03371, -0.99601
0.34, 1.28, 0.17, 0.08175, -0.01382, 0.03340, -0.99600
0.34, 1.28, 0.17, 0.08231, -0.01316, 0.03326, -0.99596
0.34, 1.28, 0.17, 0.08265, -0.01230, 0.03316, -0.99595
0.34, 1.28, 0.17, 0.08301, -0.01147, 0.03315, -0.99593
0.34, 1.28, 0.17, 0.08327, -0.01033, 0.03305, -0.99593
0.34, 1.28, 0.17, 0.08361, -0.00918, 0.03300, -0.99591
0.34, 1.28, 0.17, 0.08378, -0.00800, 0.03277, -0.99591
0.34, 1.28, 0.17, 0.08398, -0.00671, 0.03237, -0.99592
0.34, 1.28, 0.17, 0.08404, -0.00524, 0.03202, -0.99593
0.34, 1.28, 0.17, 0.08390, -0.00417, 0.03159, -0.99596
0.34, 1.28, 0.17, 0.08379, -0.00246, 0.03106, -0.99600
0.34, 1.28, 0.17, 0.08358, -0.00104, 0.03062, -0.99603
0.34, 1.28, 0.17, 0.08317, 0.00037, 0.03037, -0.99607
0.34, 1.28, 0.17, 0.08290, 0.00167, 0.03022, -0.99610
0.33, 1.28, 0.17, 0.08227, 0.00312, 0.02982, -0.99616
0.33, 1.28, 0.17, 0.08163, 0.00445, 0.02920, -0.99623
0.33, 1.28, 0.17, 0.08071, 0.00596, 0.02856, -0.99631
0.33, 1.28, 0.17, 0.07960, 0.00738, 0.02776, -0.99641
0.33, 1.28, 0.17, 0.07845, 0.00900, 0.02700, -0.99651
0.33, 1.28, 0.17, 0.07756, 0.01063, 0.02624, -0.99659
0.33, 1.28, 0.17, 0.07662, 0.01230, 0.02550, -0.99666
0.33, 1.28, 0.17, 0.07554, 0.01404, 0.02464, -0.99674
0.33, 1.28, 0.17, 0.07440, 0.01577, 0.02391, -0.99682
0.33, 1.28, 0.17, 0.07296, 0.01753, 0.02301, -0.99692
0.33, 1.28, 0.17, 0.07152, 0.01932, 0.02244, -0.99700
0.33, 1.28, 0.17, 0.07033, 0.02125, 0.02180, -0.99706
0.33, 1.28, 0.17, 0.06922, 0.02326, 0.02096, -0.99711
0.33, 1.28, 0.17, 0.06830, 0.02531, 0.02028, -0.99714
0.33, 1.28, 0.17, 0.06765, 0.02715, 0.01973, -0.99714
0.33, 1.28, 0.17, 0.06674, 0.02874, 0.01932, -0.99717
0.33, 1.28, 0.17, 0.06576, 0.03020, 0.01874, -0.99720
0.33, 1.28, 0.17, 0.06467, 0.03160, 0.01807, -0.99724
0.33, 1.28, 0.17, 0.06330, 0.03291, 0.01753, -0.99730
0.33, 1.28, 0.18, 0.06188, 0.03408, 0.01698, -0.99736
0.33, 1.28, 0.18, 0.06054, 0.03546, 0.01649, -0.99740
0.33, 1.28, 0.18, 0.05928, 0.03704, 0.01611, -0.99742
0.33, 1.28, 0.18, 0.05824, 0.03901, 0.01569, -0.99742
0.32, 1.28, 0.18, 0.05709, 0.04138, 0.01542, -0.99739
0.32, 1.28, 0.18, 0.05538, 0.04424, 0.01521, -0.99737
0.32, 1.28, 0.18, 0.05366, 0.04754, 0.01530, -0.99731
0.32, 1.28, 0.18, 0.05188, 0.05142, 0.01531, -0.99721
0.32, 1.28, 0.18, 0.04965, 0.05557, 0.01530, -0.99710
0.32, 1.28, 0.18, 0.04762, 0.06005, 0.01538, -0.99694
0.32, 1.28, 0.18, 0.04610, 0.06486, 0.01515, -0.99671
0.32, 1.28, 0.18, 0.04499, 0.07036, 0.01480, -0.99640
0.32, 1.28, 0.18, 0.04403, 0.07597, 0.01456, -0.99603
0.32, 1.28, 0.18, 0.04298, 0.08158, 0.01417, -0.99564
0.32, 1.28, 0.18, 0.04179, 0.08718, 0.01333, -0.99523
0.32, 1.28, 0.18, 0.04094, 0.09315, 0.01244, -0.99473
0.32, 1.28, 0.18, 0.04010, 0.09925, 0.01142, -0.99419
0.32, 1.28, 0.18, 0.03955, 0.10568, 0.01045, -0.99356
0.32, 1.27, 0.18, 0.03878, 0.11233, 0.00956, -0.99287
0.31, 1.27, 0.18, 0.03811, 0.11933, 0.00873, -0.99208
0.31, 1.27, 0.18, 0.03704, 0.12676, 0.00762, -0.99121
0.31, 1.27, 0.18, 0.03612, 0.13459, 0.00686, -0.99022
0.31, 1.27, 0.18, 0.03565, 0.14245, 0.00631, -0.98914
0.31, 1.27, 0.18, 0.03462, 0.15067, 0.00578, -0.98796
0.31, 1.27, 0.18, 0.03347, 0.15878, 0.00520, -0.98673
0.31, 1.27, 0.18, 0.03195, 0.16714, 0.00443, -0.98541
0.31, 1.27, 0.18, 0.03142, 0.17570, 0.00368, -0.98394
0.31, 1.27, 0.18, 0.03009, 0.18438, 0.00286, -0.98239
0.30, 1.27, 0.18, 0.02871, 0.19313, 0.00203, -0.98075
0.30, 1.27, 0.18, 0.02764, 0.20195, 0.00115, -0.97901
0.30, 1.27, 0.18, 0.02660, 0.21084, 0.00028, -0.97716
0.30, 1.27, 0.18, 0.02535, 0.21971, -0.00080, -0.97524
0.30, 1.27, 0.18, 0.02390, 0.22874, -0.00216, -0.97319
0.30, 1.27, 0.18, 0.02251, 0.23779, -0.00326, -0.97105
0.30, 1.27, 0.18, 0.02151, 0.24714, -0.00470, -0.96873
0.29, 1.27, 0.18, 0.02070, 0.25672, -0.00600, -0.96625
0.29, 1.27, 0.18, 0.02000, 0.26623, -0.00760, -0.96367
0.29, 1.27, 0.18, 0.01929, 0.27597, -0.00908, -0.96093
0.29, 1.27, 0.18, 0.01864, 0.28569, -0.01036, -0.95809
0.29, 1.27, 0.18, 0.01801, 0.29570, -0.01157, -0.95504
0.29, 1.27, 0.18, 0.01731, 0.30573, -0.01273, -0.95188
0.29, 1.27, 0.18, 0.01615, 0.31587, -0.01385, -0.94857
0.28, 1.27, 0.18, 0.01490, 0.32595, -0.01560, -0.94514
0.28, 1.27, 0.18, 0.01361, 0.33617, -0.01749, -0.94154
0.28, 1.27, 0.18, 0.01278, 0.34638, -0.01947, -0.93781
0.28, 1.27, 0.18, 0.01267, 0.35639, -0.02163, -0.93400
0.28, 1.27, 0.18, 0.01244, 0.36662, -0.02377, -0.92998
0.28, 1.27, 0.18, 0.01236, 0.37702, -0.02565, -0.92577
0.27, 1.27, 0.18, 0.01176, 0.38682, -0.02709, -0.92168
0.27, 1.27, 0.18, 0.01135, 0.39661, -0.02848, -0.91748
0.27, 1.27, 0.18, 0.01129, 0.40613, -0.02967, -0.91326
0.27, 1.27, 0.18, 0.01108, 0.41567, -0.03140, -0.90891
0.27, 1.27, 0.18, 0.01082, 0.42498, -0.03354, -0.90452
0.27, 1.27, 0.18, 0.01068, 0.43397, -0.03525, -0.90017
0.26, 1.27, 0.18, 0.01010, 0.44256, -0.03674, -0.89593
0.26, 1.27, 0.18, 0.00899, 0.45073, -0.03798, -0.89181
0.26, 1.27, 0.18, 0.00833, 0.45851, -0.03902, -0.88779
0.26, 1.27, 0.18, 0.00821, 0.46616, -0.04018, -0.88375
0.26, 1.27, 0.18, 0.00856, 0.47313, -0.04165, -0.87997
0.26, 1.27, 0.17, 0.00844, 0.47994, -0.04297, -0.87621
0.25, 1.27, 0.17, 0.00775, 0.48626, -0.04425, -0.87266
0.25, 1.27, 0.17, 0.00710, 0.49219, -0.04552, -0.86927
0.25, 1.27, 0.17, 0.00703, 0.49743, -0.04662, -0.86622
0.25, 1.26, 0.17, 0.00735, 0.50323, -0.04775, -0.86280
0.25, 1.26, 0.17, 0.00784, 0.50857, -0.04858, -0.85961
0.25, 1.26, 0.17, 0.00792, 0.51381, -0.04884, -0.85648
0.25, 1.26, 0.17, 0.00763, 0.51844, -0.04886, -0.85368
0.24, 1.26, 0.17, 0.00767, 0.52312, -0.04869, -0.85083
0.24, 1.26, 0.17, 0.00799, 0.52764, -0.04865, -0.84803
0.24, 1.26, 0.17, 0.00841, 0.53193, -0.04869, -0.84535
0.24, 1.26, 0.17, 0.00886, 0.53586, -0.04860, -0.84286
0.24, 1.26, 0.17, 0.00967, 0.53967, -0.04818, -0.84044
0.24, 1.26, 0.17, 0.01081, 0.54357, -0.04749, -0.83795
0.24, 1.26, 0.17, 0.01195, 0.54738, -0.04629, -0.83552
0.24, 1.26, 0.17, 0.01241, 0.55085, -0.04505, -0.83330
0.24, 1.26, 0.17, 0.01241, 0.55430, -0.04372, -0.83108
0.24, 1.26, 0.17, 0.01271, 0.55780, -0.04207, -0.82881
0.24, 1.26, 0.17, 0.01287, 0.56122, -0.04103, -0.82655
0.24, 1.26, 0.16, 0.01276, 0.56427, -0.04030, -0.82451
0.24, 1.26, 0.16, 0.01287, 0.56713, -0.03947, -0.82258
0.24, 1.26, 0.16, 0.01273, 0.56971, -0.03849, -0.82085
0.24, 1.26, 0.16, 0.01285, 0.57210, -0.03719, -0.81924
0.24, 1.26, 0.16, 0.01272, 0.57429, -0.03624, -0.81775
0.23, 1.26, 0.16, 0.01271, 0.57653, -0.03574, -0.81620
0.23, 1.26, 0.16, 0.01290, 0.57878, -0.03586, -0.81459
0.23, 1.26, 0.16, 0.01272, 0.58090, -0.03497, -0.81313
0.23, 1.26, 0.16, 0.01219, 0.58271, -0.03381, -0.81188
0.23, 1.26, 0.16, 0.01182, 0.58460, -0.03282, -0.81057
0.23, 1.26, 0.16, 0.01144, 0.58659, -0.03244, -0.80915
0.24, 1.26, 0.16, 0.01112, 0.58861, -0.03207, -0.80770
0.24, 1.26, 0.16, 0.01068, 0.59024, -0.03172, -0.80653
0.24, 1.26, 0.16, 0.01043, 0.59193, -0.03086, -0.80533
0.24, 1.26, 0.16, 0.01038, 0.59353, -0.03016, -0.80418
0.24, 1.26, 0.16, 0.01091, 0.59526, -0.02975, -0.80291
0.24, 1.26, 0.16, 0.01141, 0.59713, -0.02926, -0.80153
0.24, 1.26, 0.16, 0.01132, 0.59900, -0.02853, -0.80016
0.24, 1.26, 0.16, 0.01074, 0.60053, -0.02793, -0.79904
0.24, 1.26, 0.16, 0.01025, 0.60221, -0.02743, -0.79780
0.24, 1.26, 0.16, 0.01021, 0.60378, -0.02711, -0.79663
0.24, 1.26, 0.16, 0.01067, 0.60531, -0.02641, -0.79548
0.24, 1.26, 0.16, 0.01102, 0.60664, -0.02515, -0.79450
0.24, 1.26, 0.16, 0.01137, 0.60814, -0.02402, -0.79339
0.24, 1.26, 0.16, 0.01110, 0.60949, -0.02347, -0.79237
0.24, 1.26, 0.16, 0.01093, 0.61041, -0.02321, -0.79167
0.24, 1.26, 0.16, 0.01092, 0.61157, -0.02272, -0.79079
0.24, 1.26, 0.16, 0.01137, 0.61277, -0.02212, -0.78987
0.24, 1.26, 0.16, 0.01148, 0.61399, -0.02223, -0.78891
0.24, 1.26, 0.16, 0.01123, 0.61494, -0.02208, -0.78818
0.24, 1.26, 0.16, 0.01085, 0.61585, -0.02194, -0.78748
0.24, 1.26, 0.16, 0.01092, 0.61675, -0.02154, -0.78679
0.24, 1.26, 0.16, 0.01162, 0.61766, -0.02068, -0.78608
0.24, 1.26, 0.16, 0.01174, 0.61868, -0.02020, -0.78530
0.24, 1.26, 0.16, 0.01160, 0.61970, -0.01970, -0.78450
0.24, 1.26, 0.16, 0.01118, 0.62070, -0.01902, -0.78373
0.24, 1.26, 0.16, 0.01069, 0.62185, -0.01837, -0.78285
0.24, 1.26, 0.16, 0.01069, 0.62290, -0.01817, -0.78202
0.24, 1.26, 0.16, 0.01073, 0.62381, -0.01778, -0.78130
0.24, 1.26, 0.16, 0.01093, 0.62470, -0.01744, -0.78060
0.24, 1.26, 0.16, 0.01081, 0.62528, -0.01700, -0.78014
0.24, 1.26, 0.16, 0.01059, 0.62574, -0.01643, -0.77979
0.24, 1.26, 0.16, 0.01057, 0.62607, -0.01626, -0.77953
0.24, 1.26, 0.16, 0.01094, 0.62647, -0.01607, -0.77921
0.24, 1.26, 0.16, 0.01110, 0.62671, -0.01628, -0.77900
0.24, 1.26, 0.16, 0.01113, 0.62677, -0.01649, -0.77895
0.24, 1.26, 0.16, 0.01087, 0.62673, -0.01707, -0.77897
0.24, 1.26, 0.16, 0.01118, 0.62645, -0.01794, -0.77917
0.24, 1.26, 0.16, 0.01168, 0.62614, -0.01893, -0.77939
0.24, 1.26, 0.16, 0.01175, 0.62586, -0.01946, -0.77960
0.24, 1.26, 0.16, 0.01166, 0.62555, -0.01918, -0.77986
0.24, 1.26, 0.16, 0.01139, 0.62529, -0.01849, -0.78009
0.24, 1.26, 0.16, 0.01145, 0.62522, -0.01809, -0.78016
0.24, 1.26, 0.16, 0.01161, 0.62531, -0.01795, -0.78009
0.24, 1.26, 0.16, 0.01165, 0.62537, -0.01824, -0.78003
0.24, 1.26, 0.16, 0.01137, 0.62556, -0.01837, -0.77988
0.24, 1.26, 0.16, 0.01067, 0.62578, -0.01853, -0.77971
0.24, 1.26, 0.16, 0.01024, 0.62565, -0.01831, -0.77982
0.24, 1.26, 0.16, 0.00996, 0.62557, -0.01869, -0.77988
0.24, 1.26, 0.16, 0.01049, 0.62552, -0.01926, -0.77990
0.24, 1.26, 0.16, 0.01070, 0.62555, -0.01975, -0.77986
0.24, 1.26, 0.16, 0.01016, 0.62556, -0.01988, -0.77986
0.24, 1.26, 0.16, 0.00970, 0.62549, -0.01956, -0.77993
0.24, 1.26, 0.16, 0.00940, 0.62551, -0.01937, -0.77992
0.24, 1.26, 0.16, 0.00986, 0.62534, -0.02013, -0.78003
0.24, 1.26, 0.16, 0.01008, 0.62518, -0.02102, -0.78013
0.24, 1.26, 0.16, 0.01030, 0.62496, -0.02161, -0.78029
0.24, 1.26, 0.16, 0.01031, 0.62459, -0.02207, -0.78057
0.24, 1.26, 0.16, 0.01041, 0.62438, -0.02196, -0.78074
0.24, 1.26, 0.16, 0.01034, 0.62418, -0.02194, -0.78091
0.24, 1.26, 0.16, 0.01034, 0.62403, -0.02172, -0.78103
0.24, 1.26, 0.16, 0.01085, 0.62387, -0.02188, -0.78115
0.24, 1.26, 0.16, 0.01137, 0.62381, -0.02216, -0.78118
0.24, 1.26, 0.16, 0.01144, 0.62377, -0.02213, -0.78121
0.24, 1.26, 0.16, 0.01135, 0.62338, -0.02193, -0.78153
0.24, 1.26, 0.16, 0.01089, 0.62290, -0.02172, -0.78192
0.24, 1.26, 0.17, 0.01093, 0.62245, -0.02189, -0.78228
0.24, 1.26, 0.17, 0.01158, 0.62208, -0.02233, -0.78255
0.24, 1.26, 0.17, 0.01228, 0.62207, -0.02271, -0.78254
0.24, 1.26, 0.17, 0.01210, 0.62194, -0.02248, -0.78265
0.24, 1.26, 0.17, 0.01142, 0.62165, -0.02201, -0.78290
0.24, 1.26, 0.17, 0.01090, 0.62124, -0.02154, -0.78325
0.24, 1.26, 0.17, 0.01113, 0.62091, -0.02137, -0.78351
0.24, 1.26, 0.17, 0.01203, 0.62094, -0.02237, -0.78344
0.24, 1.26, 0.17, 0.01287, 0.62117, -0.02279, -0.78324
0.24, 1.26, 0.17, 0.01257, 0.62108, -0.02269, -0.78332
0.24, 1.26, 0.17, 0.01195, 0.62102, -0.02206, -0.78339
0.24, 1.26, 0.17, 0.01173, 0.62082, -0.02166, -0.78356
0.24, 1.26, 0.17, 0.01195, 0.62076, -0.02187, -0.78360
0.24, 1.26, 0.17, 0.01263, 0.62084, -0.02253, -0.78351
0.24, 1.26, 0.17, 0.01301, 0.62073, -0.02313, -0.78357
0.24, 1.26, 0.17, 0.01296, 0.62061, -0.02292, -0.78368
0.24, 1.26, 0.17, 0.01250, 0.62050, -0.02270, -0.78378
0.24, 1.26, 0.17, 0.01207, 0.62032, -0.02282, -0.78392
0.24, 1.26, 0.17, 0.01224, 0.62031, -0.02334, -0.78391
0.24, 1.26, 0.17, 0.01275, 0.62035, -0.02393, -0.78385
0.24, 1.26, 0.17, 0.01263, 0.62014, -0.02430, -0.78401
0.24, 1.26, 0.17, 0.01213, 0.61998, -0.02398, -0.78416
0.24, 1.26, 0.17, 0.01179, 0.61959, -0.02350, -0.78449
0.24, 1.26, 0.17, 0.01178, 0.61920, -0.02353, -0.78480
0.24, 1.26, 0.17, 0.01206, 0.61901, -0.02416, -0.78492
0.24, 1.26, 0.17, 0.01231, 0.61881, -0.02485, -0.78505
0.24, 1.26, 0.17, 0.01220, 0.61832, -0.02522, -0.78543
0.24, 1.26, 0.17, 0.01181, 0.61768, -0.02549, -0.78593
0.24, 1.26, 0.17, 0.01176, 0.61702, -0.02552, -0.78645
0.24, 1.26, 0.17, 0.01156, 0.61635, -0.02564, -0.78697
0.24, 1.26, 0.17, 0.01192, 0.61550, -0.02642, -0.78761
0.24, 1.26, 0.17, 0.01233, 0.61463, -0.02723, -0.78825
0.24, 1.26, 0.17, 0.01279, 0.61362, -0.02814, -0.78900
0.24, 1.26, 0.17, 0.01280, 0.61244, -0.02872, -0.78989
0.24, 1.26, 0.17, 0.01273, 0.61099, -0.02903, -0.79100
0.24, 1.26, 0.17, 0.01265, 0.60935, -0.02925, -0.79226
0.24, 1.26, 0.17, 0.01269, 0.60758, -0.02950, -0.79361
0.24, 1.26, 0.17, 0.01285, 0.60566, -0.02988, -0.79506
0.24, 1.26, 0.17, 0.01333, 0.60370, -0.03044, -0.79652
0.24, 1.26, 0.17, 0.01364, 0.60172, -0.03107, -0.79798
0.24, 1.26, 0.17, 0.01380, 0.59976, -0.03128, -0.79945
0.24, 1.26, 0.17, 0.01330, 0.59732, -0.03117, -0.80129
0.24, 1.26, 0.17, 0.01257, 0.59494, -0.03071, -0.80309
0.24, 1.26, 0.17, 0.01191, 0.59194, -0.03000, -0.80533
0.24, 1.26, 0.17, 0.01161, 0.58886, -0.02932, -0.80762
0.24, 1.26, 0.17, 0.01157, 0.58559, -0.02947, -0.80999
0.24, 1.26, 0.17, 0.01167, 0.58239, -0.03016, -0.81227
0.24, 1.26, 0.17, 0.01217, 0.57905, -0.03153, -0.81459
0.24, 1.26, 0.17, 0.01240, 0.57563, -0.03226, -0.81698
0.24, 1.26, 0.17, 0.01238, 0.57184, -0.03270, -0.81962
0.24, 1.26, 0.17, 0.01244, 0.56786, -0.03226, -0.82240
0.24, 1.26, 0.17, 0.01255, 0.56384, -0.03189, -0.82517
0.24, 1.26, 0.17, 0.01243, 0.55973, -0.03196, -0.82797
0.24, 1.26, 0.18, 0.01207, 0.55530, -0.03220, -0.83094
0.24, 1.26, 0.18, 0.01151, 0.55050, -0.03233, -0.83413
0.24, 1.26, 0.18, 0.01065, 0.54525, -0.03286, -0.83756
0.25, 1.26, 0.18, 0.00987, 0.53951, -0.03369, -0.84125
0.25, 1.26, 0.18, 0.00997, 0.53355, -0.03462, -0.84500
0.25, 1.26, 0.18, 0.01067, 0.52755, -0.03571, -0.84871
0.25, 1.26, 0.18, 0.01176, 0.52118, -0.03682, -0.85257
0.25, 1.26, 0.18, 0.01203, 0.51483, -0.03744, -0.85639
0.25, 1.26, 0.18, 0.01173, 0.50811, -0.03810, -0.86037
0.25, 1.26, 0.18, 0.01133, 0.50109, -0.03869, -0.86446
0.25, 1.26, 0.18, 0.01081, 0.49392, -0.03905, -0.86857
0.25, 1.27, 0.18, 0.01045, 0.48687, -0.03949, -0.87252
0.25, 1.27, 0.18, 0.01025, 0.47947, -0.03946, -0.87661
0.25, 1.27, 0.18, 0.00955, 0.47209, -0.04004, -0.88059
0.25, 1.27, 0.19, 0.00852, 0.46459, -0.04056, -0.88456
0.25, 1.26, 0.19, 0.00736, 0.45704, -0.04161, -0.88844
0.25, 1.26, 0.19, 0.00604, 0.44919, -0.04286, -0.89239
0.26, 1.26, 0.19, 0.00484, 0.44136, -0.04410, -0.89623
0.26, 1.26, 0.19, 0.00380, 0.43304, -0.04498, -0.90024
0.26, 1.26, 0.19, 0.00287, 0.42473, -0.04539, -0.90418
0.26, 1.26, 0.19, 0.00206, 0.41654, -0.04614, -0.90794
0.26, 1.26, 0.19, 0.00081, 0.40830, -0.04747, -0.91161
0.26, 1.26, 0.19, 0.00059, 0.39986, -0.04872, -0.91528
0.26, 1.26, 0.19, 0.00010, 0.39113, -0.04962, -0.91900
0.26, 1.27, 0.19, -0.00045, 0.38194, -0.05009, -0.92283
0.26, 1.27, 0.19, -0.00090, 0.37244, -0.05070, -0.92667
0.26, 1.27, 0.20, -0.00142, 0.36315, -0.05156, -0.93030
0.26, 1.27, 0.20, -0.00208, 0.35384, -0.05244, -0.93383
0.27, 1.27, 0.20, -0.00311, 0.34437, -0.05345, -0.93731
0.27, 1.27, 0.20, -0.00383, 0.33445, -0.05385, -0.94087
0.27, 1.27, 0.20, -0.00409, 0.32485, -0.05337, -0.94425
0.27, 1.27, 0.20, -0.00427, 0.31478, -0.05273, -0.94769
0.27, 1.27, 0.20, -0.00475, 0.30465, -0.05238, -0.95101
0.27, 1.27, 0.20, -0.00535, 0.29380, -0.05235, -0.95442
0.27, 1.27, 0.20, -0.00651, 0.28284, -0.05282, -0.95769
0.27, 1.27, 0.20, -0.00823, 0.27156, -0.05347, -0.96090
0.27, 1.27, 0.20, -0.00983, 0.26038, -0.05384, -0.96395
0.28, 1.27, 0.21, -0.01033, 0.24905, -0.05285, -0.96699
0.28, 1.27, 0.21, -0.01066, 0.23708, -0.05096, -0.97009
0.28, 1.27, 0.21, -0.01115, 0.22554, -0.04919, -0.97293
0.28, 1.27, 0.21, -0.01232, 0.21393, -0.04823, -0.97558
0.28, 1.27, 0.21, -0.01347, 0.20221, -0.04779, -0.97808
0.28, 1.27, 0.21, -0.01519, 0.19051, -0.04744, -0.98042
0.29, 1.27, 0.21, -0.01668, 0.17886, -0.04661, -0.98263
0.29, 1.27, 0.21, -0.01644, 0.16713, -0.04446, -0.98479
0.29, 1.27, 0.21, -0.01654, 0.15593, -0.04172, -0.98675
0.29, 1.27, 0.21, -0.01751, 0.14469, -0.03932, -0.98854
0.29, 1.27, 0.21, -0.01815, 0.13342, -0.03740, -0.99019
0.29, 1.27, 0.21, -0.01871, 0.12210, -0.03572, -0.99170
0.30, 1.27, 0.21, -0.02013, 0.11106, -0.03422, -0.99302
0.30, 1.27, 0.21, -0.02125, 0.09959, -0.03240, -0.99427
0.30, 1.27, 0.22, -0.02200, 0.08823, -0.03064, -0.99539
0.30, 1.27, 0.22, -0.02205, 0.07687, -0.02879, -0.99638
0.30, 1.27, 0.22, -0.02172, 0.06616, -0.02664, -0.99722
0.30, 1.27, 0.22, -0.02181, 0.05556, -0.02460, -0.99791
0.31, 1.27, 0.22, -0.02170, 0.04469, -0.02233, -0.99852
0.31, 1.27, 0.22, -0.02165, 0.03347, -0.02033, -0.99900
0.31, 1.27, 0.22, -0.02168, 0.02248, -0.01853, -0.99934
0.31, 1.27, 0.22, -0.02192, 0.01161, -0.01719, -0.99954
0.31, 1.27, 0.22, -0.02212, 0.00038, -0.01623, -0.99962
0.32, 1.27, 0.22, -0.02263, -0.01080, -0.01511, -0.99957
0.32, 1.27, 0.22, -0.02245, -0.02217, -0.01377, -0.99941
0.32, 1.27, 0.22, -0.02234, -0.03360, -0.01235, -0.99911
0.32, 1.27, 0.22, -0.02204, -0.04495, -0.01059, -0.99869
0.32, 1.27, 0.22, -0.02170, -0.05677, -0.00921, -0.99811
0.33, 1.27, 0.22, -0.02140, -0.06846, -0.00782, -0.99739
0.33, 1.27, 0.22, -0.02123, -0.08037, -0.00689, -0.99652
0.33, 1.27, 0.22, -0.02135, -0.09233, -0.00595, -0.99548
0.33, 1.27, 0.22, -0.02164, -0.10468, -0.00476, -0.99426
0.33, 1.27, 0.22, -0.02196, -0.11710, -0.00320, -0.99287
0.34, 1.27, 0.22, -0.02204, -0.12997, -0.00161, -0.99127
0.34, 1.27, 0.22, -0.02225, -0.14265, -0.00024, -0.98952
0.34, 1.27, 0.22, -0.02257, -0.15543, 0.00116, -0.98759
0.34, 1.27, 0.21, -0.02278, -0.16815, 0.00278, -0.98549
0.35, 1.27, 0.21, -0.02311, -0.18117, 0.00442, -0.98317
0.35, 1.27, 0.21, -0.02305, -0.19383, 0.00653, -0.98074
0.35, 1.27, 0.21, -0.02329, -0.20642, 0.00895, -0.97815
0.35, 1.27, 0.21, -0.02358, -0.21860, 0.01123, -0.97546
0.36, 1.27, 0.21, -0.02349, -0.23048, 0.01371, -0.97270
0.36, 1.27, 0.21, -0.02313, -0.24240, 0.01648, -0.96976
0.36, 1.27, 0.21, -0.02226, -0.25440, 0.01943, -0.96665
0.36, 1.27, 0.21, -0.02130, -0.26600, 0.02246, -0.96348
0.36, 1.27, 0.21, -0.02045, -0.27719, 0.02533, -0.96026
0.37, 1.27, 0.21, -0.01968, -0.28811, 0.02790, -0.95699
0.37, 1.27, 0.21, -0.01879, -0.29881, 0.03058, -0.95364
0.37, 1.27, 0.20, -0.01807, -0.30866, 0.03313, -0.95042
0.37, 1.27, 0.20, -0.01633, -0.31855, 0.03576, -0.94709
0.37, 1.27, 0.20, -0.01513, -0.32776, 0.03826, -0.94386
0.38, 1.27, 0.20, -0.01344, -0.33635, 0.04070, -0.94076
0.38, 1.27, 0.20, -0.00964, -0.34479, 0.04224, -0.93768
0.38, 1.27, 0.20, -0.00679, -0.35225, 0.04298, -0.93489
0.38, 1.27, 0.20, -0.00573, -0.35959, 0.04355, -0.93207
0.38, 1.27, 0.20, -0.00506, -0.36673, 0.04382, -0.92928
0.38, 1.27, 0.20, -0.00429, -0.37334, 0.04359, -0.92666
0.39, 1.27, 0.20, -0.00312, -0.37939, 0.04317, -0.92422
0.39, 1.27, 0.20, -0.00167, -0.38561, 0.04393, -0.92161
0.39, 1.27, 0.19, 0.00082, -0.39276, 0.04603, -0.91849
0.39, 1.27, 0.19, 0.00379, -0.40024, 0.04885, -0.91510
0.39, 1.27, 0.19, 0.00618, -0.40765, 0.05017, -0.91174
0.39, 1.27, 0.19, 0.00730, -0.41487, 0.05048, -0.90845
0.39, 1.27, 0.19, 0.00784, -0.42199, 0.05042, -0.90516
0.39, 1.27, 0.19, 0.00865, -0.42940, 0.05074, -0.90165
0.39, 1.27, 0.19, 0.00954, -0.43713, 0.05208, -0.89784
0.40, 1.26, 0.19, 0.01039, -0.44423, 0.05400, -0.89422
0.40, 1.26, 0.19, 0.01163, -0.45114, 0.05554, -0.89065
0.40, 1.26, 0.18, 0.01307, -0.45795, 0.05723, -0.88704
0.40, 1.26, 0.18, 0.01411, -0.46469, 0.05981, -0.88334
0.40, 1.26, 0.18, 0.01532, -0.47119, 0.06237, -0.87969
0.40, 1.26, 0.18, 0.01648, -0.47756, 0.06396, -0.87611
0.40, 1.26, 0.18, 0.01690, -0.48342, 0.06468, -0.87283
0.40, 1.26, 0.18, 0.01639, -0.48874, 0.06568, -0.86980
0.40, 1.26, 0.18, 0.01655, -0.49397, 0.06730, -0.86672
0.40, 1.26, 0.18, 0.01701, -0.49925, 0.06939, -0.86351
0.40, 1.26, 0.18, 0.01785, -0.50431, 0.07079, -0.86043
0.40, 1.26, 0.18, 0.01896, -0.50888, 0.07119, -0.85768
0.40, 1.26, 0.18, 0.02036, -0.51291, 0.07129, -0.85524
0.40, 1.26, 0.17, 0.02197, -0.51704, 0.07150, -0.85269
0.40, 1.26, 0.17, 0.02355, -0.52015, 0.07148, -0.85075
0.41, 1.26, 0.17, 0.02507, -0.52218, 0.07069, -0.84953
0.41, 1.26, 0.17, 0.02492, -0.52376, 0.07025, -0.84860
0.41, 1.26, 0.17, 0.02496, -0.52491, 0.07032, -0.84788
0.41, 1.26, 0.17, 0.02477, -0.52597, 0.07077, -0.84719
0.41, 1.26, 0.17, 0.02516, -0.52685, 0.07145, -0.84657
0.41, 1.26, 0.17, 0.02551, -0.52787, 0.07201, -0.84588
0.41, 1.26, 0.17, 0.02604, -0.52931, 0.07270, -0.84491
0.41, 1.26, 0.17, 0.02627, -0.53136, 0.07390, -0.84351
0.41, 1.26, 0.17, 0.02647, -0.53314, 0.07444, -0.84233
0.41, 1.26, 0.17, 0.02624, -0.53471, 0.07463, -0.84132
0.41, 1.26, 0.17, 0.02591, -0.53658, 0.07484, -0.84012
0.41, 1.26, 0.17, 0.02504, -0.53849, 0.07476, -0.83894
0.41, 1.26, 0.17, 0.02388, -0.54001, 0.07471, -0.83800
0.41, 1.26, 0.17, 0.02280, -0.54183, 0.07529, -0.83680
0.41, 1.26, 0.17, 0.02285, -0.54367, 0.07574, -0.83556
0.41, 1.26, 0.17, 0.02332, -0.54519, 0.07615, -0.83452
0.41, 1.26, 0.17, 0.02308, -0.54645, 0.07594, -0.83372
0.41, 1.26, 0.17, 0.02296, -0.54732, 0.07552, -0.83319
0.41, 1.26, 0.17, 0.02337, -0.54775, 0.07451, -0.83299
0.41, 1.26, 0.17, 0.02196, -0.54770, 0.07374, -0.83313
0.41, 1.26, 0.17, 0.02119, -0.54709, 0.07429, -0.83350
0.41, 1.26, 0.17, 0.02014, -0.54634, 0.07410, -0.83403
0.41, 1.26, 0.17, 0.01996, -0.54594, 0.07273, -0.83442
0.41, 1.26, 0.17, 0.02029, -0.54622, 0.07148, -0.83434
0.41, 1.26, 0.17, 0.02010, -0.54678, 0.07094, -0.83402
0.41, 1.26, 0.17, 0.01982, -0.54707, 0.06989, -0.83393
0.41, 1.26, 0.17, 0.01889, -0.54689, 0.06863, -0.83417
0.41, 1.26, 0.17, 0.01794, -0.54669, 0.06852, -0.83434
0.41, 1.26, 0.17, 0.01764, -0.54640, 0.06966, -0.83444
0.41, 1.26, 0.17, 0.01852, -0.54666, 0.07052, -0.83417
0.41, 1.26, 0.17, 0.01893, -0.54656, 0.07079, -0.83421
0.41, 1.26, 0.17, 0.01859, -0.54662, 0.07015, -0.83423
0.41, 1.26, 0.17, 0.01814, -0.54679, 0.06822, -0.83429
0.41, 1.26, 0.17, 0.01753, -0.54676, 0.06817, -0.83432
0.41, 1.26, 0.17, 0.01698, -0.54689, 0.06964, -0.83413
0.41, 1.26, 0.17, 0.01765, -0.54726, 0.07067, -0.83378
0.41, 1.26, 0.17, 0.01811, -0.54718, 0.06999, -0.83389
0.41, 1.26, 0.17, 0.01775, -0.54708, 0.06854, -0.83408
0.41, 1.26, 0.17, 0.01732, -0.54725, 0.06787, -0.83403
0.41, 1.26, 0.17, 0.01619, -0.54747, 0.06826, -0.83388
0.41, 1.26, 0.17, 0.01577, -0.54729, 0.06887, -0.83396
0.41, 1.26, 0.17, 0.01559, -0.54689, 0.06894, -0.83422
0.41, 1.26, 0.17, 0.01572, -0.54673, 0.06876, -0.83433
0.41, 1.26, 0.17, 0.01551, -0.54658, 0.06910, -0.83441
0.41, 1.26, 0.17, 0.01542, -0.54675, 0.06977, -0.83424
0.41, 1.26, 0.17, 0.01549, -0.54677, 0.07011, -0.83420
0.41, 1.26, 0.17, 0.01530, -0.54653, 0.07022, -0.83435
0.41, 1.26, 0.17, 0.01518, -0.54602, 0.06951, -0.83475
0.41, 1.26, 0.17, 0.01512, -0.54594, 0.06898, -0.83484
0.41, 1.26, 0.17, 0.01499, -0.54605, 0.06881, -0.83478
0.41, 1.26, 0.17, 0.01500, -0.54630, 0.06902, -0.83461
0.41, 1.26, 0.17, 0.01516, -0.54641, 0.06892, -0.83454
0.41, 1.26, 0.17, 0.01515, -0.54645, 0.06871, -0.83453
0.41, 1.26, 0.17, 0.01476, -0.54636, 0.06812, -0.83465
0.41, 1.26, 0.17, 0.01458, -0.54629, 0.06774, -0.83473
0.41, 1.26, 0.17, 0.01474, -0.54629, 0.06838, -0.83467
0.41, 1.26, 0.17, 0.01535, -0.54629, 0.06952, -0.83457
0.41, 1.26, 0.17, 0.01599, -0.54631, 0.06996, -0.83450
0.41, 1.26, 0.17, 0.01620, -0.54622, 0.06960, -0.83459
0.41, 1.26, 0.17, 0.01601, -0.54624, 0.06868, -0.83466
0.41, 1.26, 0.18, 0.01540, -0.54601, 0.06810, -0.83486
0.41, 1.26, 0.17, 0.01515, -0.54564, 0.06889, -0.83504
0.41, 1.26, 0.17, 0.01554, -0.54556, 0.06992, -0.83500
0.41, 1.26, 0.18, 0.01653, -0.54564, 0.06979, -0.83494
0.41, 1.26, 0.18, 0.01626, -0.54585, 0.06907, -0.83487
0.41, 1.26, 0.18, 0.01518, -0.54582, 0.06843, -0.83497
0.41, 1.26, 0.18, 0.01425, -0.54566, 0.06837, -0.83509
0.41, 1.26, 0.18, 0.01392, -0.54571, 0.06917, -0.83500
0.41, 1.26, 0.18, 0.01443, -0.54569, 0.07005, -0.83493
0.41, 1.26, 0.18, 0.01514, -0.54574, 0.07028, -0.83486
0.41, 1.26, 0.18, 0.01527, -0.54572, 0.07017, -0.83489
0.41, 1.26, 0.18, 0.01493, -0.54565, 0.07029, -0.83493
0.41, 1.26, 0.18, 0.01457, -0.54560, 0.07076, -0.83493
0.41, 1.26, 0.18, 0.01471, -0.54537, 0.07068, -0.83508
0.41, 1.26, 0.18, 0.01493, -0.54547, 0.07047, -0.83503
0.41, 1.26, 0.17, 0.01509, -0.54560, 0.07041, -0.83494
0.41, 1.26, 0.17, 0.01527, -0.54571, 0.07092, -0.83483
0.41, 1.26, 0.17, 0.01571, -0.54574, 0.07146, -0.83475
0.41, 1.26, 0.17, 0.01607, -0.54587, 0.07141, -0.83467
0.41, 1.26, 0.17, 0.01666, -0.54596, 0.07176, -0.83457
0.41, 1.26, 0.17, 0.01716, -0.54600, 0.07223, -0.83449
0.41, 1.26, 0.17, 0.01794, -0.54600, 0.07247, -0.83445
0.41, 1.26, 0.17, 0.01856, -0.54615, 0.07239, -0.83435
0.41, 1.26, 0.17, 0.01925, -0.54594, 0.07240, -0.83447
0.41, 1.26, 0.17, 0.01898, -0.54549, 0.07221, -0.83479
0.41, 1.26, 0.17, 0.01875, -0.54510, 0.07183, -0.83508
0.41, 1.26, 0.17, 0.01826, -0.54451, 0.07176, -0.83548
0.41, 1.26, 0.18, 0.01747, -0.54370, 0.07213, -0.83599
0.41, 1.26, 0.18, 0.01759, -0.54241, 0.07328, -0.83672
0.41, 1.26, 0.18, 0.01793, -0.54085, 0.07483, -0.83759
0.41, 1.26, 0.18, 0.01851, -0.53919, 0.07634, -0.83851
0.41, 1.26, 0.18, 0.01895, -0.53751, 0.07721, -0.83950
0.41, 1.26, 0.18, 0.01851, -0.53575, 0.07682, -0.84067
0.41, 1.26, 0.18, 0.01678, -0.53330, 0.07632, -0.84231
0.41, 1.26, 0.18, 0.01575, -0.53022, 0.07654, -0.84425
0.41, 1.26, 0.18, 0.01557, -0.52734, 0.07778, -0.84594
0.41, 1.26, 0.18, 0.01701, -0.52524, 0.08032, -0.84699
0.41, 1.26, 0.18, 0.01831, -0.52335, 0.08197, -0.84797
0.41, 1.26, 0.18, 0.01796, -0.52106, 0.08240, -0.84934
0.41, 1.26, 0.18, 0.01634, -0.51795, 0.08242, -0.85127
0.41, 1.26, 0.18, 0.01508, -0.51423, 0.08278, -0.85351
0.41, 1.26, 0.18, 0.01544, -0.51101, 0.08448, -0.85528
0.41, 1.26, 0.18, 0.01653, -0.50855, 0.08688, -0.85648
0.41, 1.26, 0.18, 0.01737, -0.50647, 0.08866, -0.85751
0.41, 1.26, 0.18, 0.01621, -0.50321, 0.08991, -0.85932
0.41, 1.26, 0.18, 0.01379, -0.49897, 0.09039, -0.86178
0.41, 1.26, 0.18, 0.01149, -0.49432, 0.09010, -0.86452
0.40, 1.26, 0.18, 0.01077, -0.48908, 0.08916, -0.86760
0.40, 1.26, 0.18, 0.01048, -0.48303, 0.08999, -0.87090
0.40, 1.26, 0.19, 0.01014, -0.47691, 0.09263, -0.87400
0.40, 1.26, 0.19, 0.00997, -0.47058, 0.09528, -0.87714
0.40, 1.26, 0.19, 0.00897, -0.46370, 0.09726, -0.88059
0.40, 1.26, 0.19, 0.00673, -0.45502, 0.09825, -0.88502
0.40, 1.26, 0.19, 0.00444, -0.44609, 0.09855, -0.88953
0.40, 1.26, 0.19, 0.00297, -0.43732, 0.09798, -0.89395
0.40, 1.26, 0.19, 0.00199, -0.42851, 0.09749, -0.89826
0.40, 1.26, 0.19, 0.00025, -0.41969, 0.09785, -0.90238
0.40, 1.26, 0.19, -0.00163, -0.41075, 0.09829, -0.90643
0.40, 1.26, 0.20, -0.00304, -0.40139, 0.09788, -0.91066
0.39, 1.26, 0.20, -0.00507, -0.39088, 0.09724, -0.91528
0.39, 1.26, 0.20, -0.00773, -0.37941, 0.09726, -0.92007
0.39, 1.26, 0.20, -0.01006, -0.36812, 0.09808, -0.92454
0.39, 1.26, 0.20, -0.01135, -0.35723, 0.09878, -0.92871
0.39, 1.26, 0.20, -0.01141, -0.34649, 0.09902, -0.93274
0.39, 1.26, 0.20, -0.01054, -0.33593, 0.09879, -0.93663
0.39, 1.26, 0.20, -0.00976, -0.32513, 0.09896, -0.94043
0.38, 1.26, 0.21, -0.00999, -0.31355, 0.09958, -0.94428
0.38, 1.26, 0.21, -0.01036, -0.30232, 0.10039, -0.94785
0.38, 1.26, 0.21, -0.01115, -0.29135, 0.10155, -0.95115
0.38, 1.26, 0.21, -0.01161, -0.28056, 0.10195, -0.95434
0.38, 1.26, 0.21, -0.01140, -0.26949, 0.10055, -0.95767
0.38, 1.26, 0.21, -0.01105, -0.25843, 0.09915, -0.96087
0.37, 1.26, 0.21, -0.01098, -0.24714, 0.09767, -0.96398
0.37, 1.26, 0.21, -0.01141, -0.23556, 0.09650, -0.96699
0.37, 1.26, 0.21, -0.01201, -0.22426, 0.09554, -0.96976
0.37, 1.26, 0.22, -0.01291, -0.21313, 0.09481, -0.97233
0.37, 1.26, 0.22, -0.01387, -0.20211, 0.09340, -0.97480
0.37, 1.26, 0.22, -0.01390, -0.19157, 0.09142, -0.97711
0.36, 1.26, 0.22, -0.01406, -0.18114, 0.08934, -0.97929
0.36, 1.26, 0.22, -0.01421, -0.17064, 0.08745, -0.98134
0.36, 1.26, 0.22, -0.01447, -0.16059, 0.08544, -0.98321
0.36, 1.26, 0.22, -0.01552, -0.15044, 0.08369, -0.98495
0.36, 1.26, 0.22, -0.01672, -0.14052, 0.08220, -0.98652
0.35, 1.26, 0.22, -0.01768, -0.13116, 0.08069, -0.98791
0.35, 1.26, 0.22, -0.01850, -0.12229, 0.07907, -0.98917
0.35, 1.26, 0.22, -0.01863, -0.11336, 0.07685, -0.99040
0.35, 1.26, 0.22, -0.01791, -0.10464, 0.07410, -0.99158
0.35, 1.26, 0.22, -0.01676, -0.09604, 0.07071, -0.99272
0.35, 1.26, 0.22, -0.01652, -0.08718, 0.06810, -0.99372
0.35, 1.26, 0.22, -0.01688, -0.07897, 0.06589, -0.99455
0.34, 1.26, 0.22, -0.01727, -0.07061, 0.06369, -0.99532
0.34, 1.26, 0.22, -0.01770, -0.06261, 0.06164, -0.99598
0.34, 1.26, 0.22, -0.01832, -0.05500, 0.05964, -0.99654
0.34, 1.26, 0.22, -0.01877, -0.04748, 0.05788, -0.99702
0.34, 1.26, 0.22, -0.01864, -0.04034, 0.05567, -0.99746
0.34, 1.26, 0.22, -0.01790, -0.03304, 0.05270, -0.99790
0.34, 1.26, 0.22, -0.01728, -0.02530, 0.04907, -0.99833
0.33, 1.26, 0.22, -0.01704, -0.01791, 0.04607, -0.99863
0.33, 1.26, 0.22, -0.01736, -0.01067, 0.04345, -0.99885
0.33, 1.26, 0.22, -0.01792, -0.00358, 0.04097, -0.99899
0.33, 1.26, 0.22, -0.01847, 0.00343, 0.03888, -0.99907
0.33, 1.26, 0.22, -0.01899, 0.01000, 0.03713, -0.99908
0.33, 1.26, 0.22, -0.01976, 0.01655, 0.03597, -0.99902
0.33, 1.26, 0.22, -0.02094, 0.02269, 0.03496, -0.99891
0.33, 1.26, 0.22, -0.02198, 0.02877, 0.03391, -0.99877
0.32, 1.26, 0.22, -0.02312, 0.03469, 0.03313, -0.99858
0.32, 1.26, 0.22, -0.02401, 0.04011, 0.03244, -0.99838
0.32, 1.26, 0.22, -0.02484, 0.04549, 0.03193, -0.99815
0.32, 1.26, 0.22, -0.02533, 0.05040, 0.03161, -0.99791
0.32, 1.26, 0.22, -0.02565, 0.05487, 0.03099, -0.99768
0.32, 1.26, 0.22, -0.02591, 0.05904, 0.03037, -0.99746
0.32, 1.26, 0.22, -0.02606, 0.06246, 0.02978, -0.99726
0.32, 1.26, 0.22, -0.02562, 0.06513, 0.02932, -0.99712
0.32, 1.26, 0.22, -0.02477, 0.06697, 0.02895, -0.99703
0.32, 1.26, 0.22, -0.02399, 0.06814, 0.02877, -0.99697
0.32, 1.26, 0.22, -0.02343, 0.06898, 0.02837, -0.99694
0.32, 1.26, 0.22, -0.02279, 0.06901, 0.02755, -0.99697
0.32, 1.26, 0.22, -0.02193, 0.06890, 0.02667, -0.99703
0.32, 1.26, 0.22, -0.02068, 0.06841, 0.02587, -0.99711
0.32, 1.26, 0.22, -0.01970, 0.06757, 0.02535, -0.99720
0.32, 1.26, 0.22, -0.01865, 0.06650, 0.02497, -0.99730
0.32, 1.27, 0.22, -0.01743, 0.06533, 0.02486, -0.99740
0.32, 1.27, 0.22, -0.01647, 0.06419, 0.02464, -0.99750
0.32, 1.27, 0.21, -0.01529, 0.06302, 0.02471, -0.99759
0.32, 1.27, 0.21, -0.01453, 0.06169, 0.02487, -0.99768
0.32, 1.27, 0.21, -0.01399, 0.06028, 0.02512, -0.99777
0.32, 1.27, 0.21, -0.01334, 0.05891, 0.02559, -0.99785
0.32, 1.27, 0.21, -0.01333, 0.05729, 0.02615, -0.99793
0.32, 1.27, 0.21, -0.01330, 0.05585, 0.02648, -0.99800
0.32, 1.27, 0.21, -0.01316, 0.05471, 0.02676, -0.99806
0.32, 1.27, 0.21, -0.01291, 0.05345, 0.02692, -0.99812
0.32, 1.27, 0.21, -0.01260, 0.05246, 0.02671, -0.99819
0.32, 1.27, 0.21, -0.01230, 0.05177, 0.02636, -0.99824
0.32, 1.27, 0.21, -0.01205, 0.05102, 0.02614, -0.99828
0.32, 1.27, 0.21, -0.01187, 0.05030, 0.02599, -0.99833
0.32, 1.27, 0.21, -0.01191, 0.04973, 0.02569, -0.99836
0.32, 1.27, 0.21, -0.01161, 0.04952, 0.02530, -0.99839
0.32, 1.27, 0.21, -0.01050, 0.04920, 0.02491, -0.99842
0.32, 1.27, 0.21, -0.00958, 0.04930, 0.02435, -0.99844
0.32, 1.27, 0.21, -0.00869, 0.04968, 0.02382, -0.99844
0.32, 1.27, 0.21, -0.00784, 0.05041, 0.02321, -0.99843
0.32, 1.27, 0.21, -0.00740, 0.05096, 0.02269, -0.99842
0.32, 1.27, 0.21, -0.00679, 0.05170, 0.02197, -0.99840
0.32, 1.27, 0.21, -0.00576, 0.05256, 0.02155, -0.99837
0.32, 1.27, 0.21, -0.00540, 0.05341, 0.02121, -0.99833
0.32, 1.27, 0.21, -0.00503, 0.05426, 0.02109, -0.99829
0.32, 1.27, 0.21, -0.00463, 0.05516, 0.02101, -0.99825
0.32, 1.27, 0.21, -0.00388, 0.05585, 0.02083, -0.99821
0.32, 1.27, 0.21, -0.00342, 0.05678, 0.02077, -0.99816
0.32, 1.27, 0.21, -0.00309, 0.05746, 0.02082, -0.99813
0.32, 1.27, 0.21, -0.00293, 0.05824, 0.02091, -0.99808
0.32, 1.27, 0.21, -0.00263, 0.05855, 0.02083, -0.99806
0.32, 1.27, 0.21, -0.00274, 0.05906, 0.02051, -0.99804
0.32, 1.27, 0.21, -0.00284, 0.05958, 0.02026, -0.99801
0.32, 1.27, 0.21, -0.00293, 0.05993, 0.01997, -0.99800
0.32, 1.27, 0.21, -0.00322, 0.06011, 0.01965, -0.99799
0.32, 1.27, 0.21, -0.00350, 0.06030, 0.01939, -0.99799
0.32, 1.27, 0.21, -0.00359, 0.06046, 0.01923, -0.99798
0.32, 1.27, 0.21, -0.00377, 0.06070, 0.01884, -0.99797
0.32, 1.27, 0.21, -0.00398, 0.06085, 0.01859, -0.99797
0.32, 1.27, 0.21, -0.00383, 0.06086, 0.01837, -0.99797
0.32, 1.27, 0.21, -0.00400, 0.06112, 0.01811, -0.99796
0.32, 1.27, 0.21, -0.00413, 0.06112, 0.01772, -0.99796
0.32, 1.27, 0.21, -0.00417, 0.06123, 0.01755, -0.99796
0.32, 1.27, 0.21, -0.00426, 0.06133, 0.01740, -0.99796
0.32, 1.27, 0.21, -0.00420, 0.06120, 0.01734, -0.99797
0.32, 1.27, 0.21, -0.00413, 0.06127, 0.01725, -0.99796
0.32, 1.27, 0.21, -0.00385, 0.06132, 0.01709, -0.99796
0.32, 1.27, 0.21, -0.00339, 0.06146, 0.01705, -0.99796
0.32, 1.27, 0.21, -0.00283, 0.06146, 0.01694, -0.99796
0.32, 1.27, 0.21, -0.00246, 0.06164, 0.01668, -0.99796
0.32, 1.27, 0.21, -0.00202, 0.06159, 0.01645, -0.99796
0.32, 1.27, 0.21, -0.00163, 0.06162, 0.01615, -0.99797
0.32, 1.27, 0.21, -0.00115, 0.06152, 0.01590, -0.99798
0.32, 1.27, 0.21, -0.00073, 0.06148, 0.01568, -0.99798
0.32, 1.27, 0.21, -0.00049, 0.06156, 0.01522, -0.99799
0.32, 1.27, 0.21, -0.00027, 0.06149, 0.01487, -0.99800
0.32, 1.27, 0.21, -0.00002, 0.06176, 0.01458, -0.99798
0.32, 1.27, 0.21, 0.00012, 0.06179, 0.01453, -0.99798
0.32, 1.27, 0.21, 0.00018, 0.06200, 0.01449, -0.99797
0.32, 1.27, 0.21, 0.00045, 0.06200, 0.01454, -0.99797
0.32, 1.27, 0.21, 0.00067, 0.06211, 0.01470, -0.99796
0.32, 1.27, 0.21, 0.00073, 0.06213, 0.01473, -0.99796
0.32, 1.27, 0.21, 0.00096, 0.06203, 0.01494, -0.99796
0.32, 1.27, 0.21, 0.00129, 0.06200, 0.01501, -0.99796
0.32, 1.27, 0.21, 0.00178, 0.06187, 0.01502, -0.99797
0.32, 1.27, 0.21, 0.00234, 0.06177, 0.01506, -0.99797
0.32, 1.27, 0.21, 0.00284, 0.06149, 0.01500, -0.99799
0.32, 1.27, 0.21, 0.00362, 0.06138, 0.01512, -0.99799
0.32, 1.27, 0.21, 0.00427, 0.06098, 0.01522, -0.99801
0.32, 1.27, 0.21, 0.00493, 0.06066, 0.01573, -0.99802
0.32, 1.27, 0.21, 0.00556, 0.06038, 0.01616, -0.99803
0.32, 1.27, 0.21, 0.00596, 0.05987, 0.01641, -0.99805
0.32, 1.27, 0.21, 0.00656, 0.05943, 0.01643, -0.99808
0.32, 1.27, 0.21, 0.00692, 0.05904, 0.01643, -0.99810
0.32, 1.27, 0.21, 0.00725, 0.05870, 0.01636, -0.99812
0.32, 1.27, 0.21, 0.00755, 0.05814, 0.01646, -0.99814
0.32, 1.27, 0.21, 0.00775, 0.05779, 0.01652, -0.99816
0.32, 1.27, 0.21, 0.00799, 0.05745, 0.01644, -0.99818
0.32, 1.27, 0.21, 0.00816, 0.05721, 0.01649, -0.99819
0.32, 1.27, 0.21, 0.00812, 0.05697, 0.01644, -0.99821
0.32, 1.27, 0.21, 0.00816, 0.05681, 0.01651, -0.99822
0.32, 1.27, 0.21, 0.00810, 0.05683, 0.01657, -0.99821
0.32, 1.27, 0.21, 0.00849, 0.05668, 0.01679, -0.99821
0.32, 1.27, 0.21, 0.00883, 0.05673, 0.01702, -0.99821
0.32, 1.27, 0.21, 0.00913, 0.05677, 0.01724, -0.99820
0.32, 1.27, 0.21, 0.00952, 0.05688, 0.01745, -0.99818
0.32, 1.27, 0.21, 0.00983, 0.05690, 0.01749, -0.99818
0.32, 1.27, 0.21, 0.01023, 0.05702, 0.01751, -0.99817
0.32, 1.27, 0.21, 0.01055, 0.05719, 0.01745, -0.99815
0.32, 1.27, 0.20, 0.01076, 0.05721, 0.01763, -0.99815
0.32, 1.27, 0.20, 0.01109, 0.05711, 0.01792, -0.99815
0.32, 1.27, 0.20, 0.01144, 0.05721, 0.01784, -0.99814
0.32, 1.27, 0.20, 0.01192, 0.05725, 0.01776, -0.99813
0.32, 1.27, 0.20, 0.01218, 0.05723, 0.01762, -0.99813
0.32, 1.27, 0.20, 0.01242, 0.05724, 0.01751, -0.99813
0.32, 1.27, 0.20, 0.01242, 0.05730, 0.01763, -0.99812
0.32, 1.27, 0.20, 0.01244, 0.05726, 0.01760, -0.99813
0.32, 1.27, 0.20, 0.01227, 0.05731, 0.01748, -0.99813
0.32, 1.27, 0.20, 0.01211, 0.05732, 0.01753, -0.99813
0.32, 1.27, 0.20, 0.01180, 0.05737, 0.01753, -0.99813
0.32, 1.27, 0.20, 0.01154, 0.05728, 0.01753, -0.99814
0.32, 1.27, 0.20, 0.01149, 0.05734, 0.01758, -0.99813
0.32, 1.27, 0.20, 0.01155, 0.05735, 0.01760, -0.99813
0.32, 1.27, 0.20, 0.01162, 0.05732, 0.01751, -0.99813
0.32, 1.27, 0.20, 0.01159, 0.05737, 0.01746, -0.99813
0.32, 1.27, 0.20, 0.01152, 0.05732, 0.01744, -0.99814
0.32, 1.27, 0.20, 0.01144, 0.05736, 0.01732, -0.99814
0.32, 1.27, 0.20, 0.01121, 0.05729, 0.01716, -0.99815
0.32, 1.27, 0.20, 0.01116, 0.05734, 0.01706, -0.99815
0.32, 1.27, 0.20, 0.01118, 0.05736, 0.01694, -0.99815
0.32, 1.27, 0.20, 0.01084, 0.05747, 0.01686, -0.99815
0.32, 1.27, 0.20, 0.01089, 0.05767, 0.01671, -0.99814
0.32, 1.27, 0.20, 0.01084, 0.05775, 0.01669, -0.99813
0.32, 1.27, 0.20, 0.01067, 0.05792, 0.01665, -0.99813
0.32, 1.27, 0.20, 0.01050, 0.05812, 0.01648, -0.99812
0.32, 1.27, 0.21, 0.01033, 0.05827, 0.01636, -0.99811
0.32, 1.27, 0.21, 0.01015, 0.05837, 0.01620, -0.99811
0.32, 1.27, 0.21, 0.01010, 0.05847, 0.01614, -0.99811
0.32, 1.27, 0.21, 0.00992, 0.05855, 0.01597, -0.99811
0.32, 1.27, 0.21, 0.00966, 0.05875, 0.01583, -0.99810
0.32, 1.27, 0.21, 0.00957, 0.05886, 0.01549, -0.99810
0.32, 1.27, 0.21, 0.00950, 0.05882, 0.01534, -0.99811
0.32, 1.27, 0.21, 0.00938, 0.05898, 0.01527, -0.99810
0.32, 1.27, 0.21, 0.00903, 0.05908, 0.01512, -0.99810
0.32, 1.27, 0.21, 0.00891, 0.05913, 0.01504, -0.99810
0.32, 1.27, 0.21, 0.00885, 0.05925, 0.01490, -0.99809
0.32, 1.27, 0.21, 0.00879, 0.05949, 0.01464, -0.99808
0.32, 1.27, 0.21, 0.00855, 0.05969, 0.01436, -0.99808
0.32, 1.27, 0.21, 0.00838, 0.05989, 0.01417, -0.99807
0.32, 1.27, 0.21, 0.00827, 0.06014, 0.01394, -0.99806
0.32, 1.27, 0.21, 0.00843, 0.06010, 0.01425, -0.99806
0.32, 1.27, 0.21, 0.00820, 0.06035, 0.01470, -0.99804
0.32, 1.27, 0.21, 0.00804, 0.06052, 0.01479, -0.99803
0.32, 1.27, 0.21, 0.00804, 0.06068, 0.01444, -0.99802
0.32, 1.27, 0.21, 0.00799, 0.06076, 0.01416, -0.99802
0.32, 1.27, 0.21, 0.00790, 0.06078, 0.01374, -0.99803
0.32, 1.27, 0.21, 0.00767, 0.06083, 0.01356, -0.99803
0.32, 1.27, 0.21, 0.00758, 0.06095, 0.01354, -0.99802
0.32, 1.27, 0.21, 0.00753, 0.06113, 0.01316, -0.99801
0.32, 1.27, 0.21, 0.00762, 0.06124, 0.01301, -0.99801
0.32, 1.27, 0.21, 0.00758, 0.06147, 0.01276, -0.99800
0.32, 1.27, 0.20, 0.00765, 0.06165, 0.01264, -0.99799
0.32, 1.27, 0.20, 0.00782, 0.06169, 0.01254, -0.99799
0.32, 1.27, 0.20, 0.00795, 0.06201, 0.01252, -0.99797
0.32, 1.27, 0.20, 0.00805, 0.06218, 0.01253, -0.99795
0.32, 1.27, 0.20, 0.00825, 0.06245, 0.01241, -0.99794
0.32, 1.27, 0.20, 0.00846, 0.06244, 0.01240, -0.99794
0.32, 1.27, 0.20, 0.00862, 0.06271, 0.01248, -0.99792
0.32, 1.27, 0.20, 0.00881, 0.06271, 0.01229, -0.99792
0.32, 1.27, 0.20, 0.00901, 0.06293, 0.01198, -0.99791
0.32, 1.27, 0.20, 0.00915, 0.06292, 0.01196, -0.99791
0.32, 1.27, 0.20, 0.00940, 0.06310, 0.01207, -0.99789
0.32, 1.27, 0.20, 0.00964, 0.06302, 0.01227, -0.99789
0.32, 1.27, 0.20, 0.01004, 0.06302, 0.01214, -0.99789
0.32, 1.27, 0.20, 0.01021, 0.06326, 0.01208, -0.99787
0.32, 1.27, 0.20, 0.01027, 0.06306, 0.01189, -0.99789
0.32, 1.27, 0.20, 0.01038, 0.06300, 0.01176, -0.99789
0.32, 1.27, 0.20, 0.01037, 0.06300, 0.01164, -0.99789
0.32, 1.27, 0.20, 0.01033, 0.06295, 0.01161, -0.99790
0.32, 1.27, 0.20, 0.01036, 0.06294, 0.01152, -0.99790
0.32, 1.27, 0.20, 0.01028, 0.06289, 0.01152, -0.99790
0.32, 1.27, 0.20, 0.01037, 0.06293, 0.01137, -0.99790
0.32, 1.27, 0.20, 0.01053, 0.06296, 0.01143, -0.99790
0.32, 1.27, 0.20, 0.01059, 0.06305, 0.01141, -0.99789
0.32, 1.27, 0.20, 0.01060, 0.06302, 0.01144, -0.99789
0.32, 1.27, 0.20, 0.01070, 0.06305, 0.01139, -0.99789
0.32, 1.27, 0.20, 0.01059, 0.06317, 0.01134, -0.99788
0.32, 1.27, 0.20, 0.01067, 0.06314, 0.01125, -0.99788
0.32, 1.27, 0.20, 0.01073, 0.06322, 0.01119, -0.99788
0.32, 1.27, 0.20, 0.01079, 0.06326, 0.01109, -0.99788
0.32, 1.27, 0.20, 0.01087, 0.06326, 0.01094, -0.99788
0.32, 1.27, 0.20, 0.01104, 0.06324, 0.01085, -0.99788
0.32, 1.27, 0.20, 0.01123, 0.06335, 0.01072, -0.99787
0.32, 1.27, 0.20, 0.01133, 0.06333, 0.01068, -0.99787
0.32, 1.27, 0.20, 0.01142, 0.06355, 0.01059, -0.99786
0.32, 1.27, 0.20, 0.01150, 0.06360, 0.01051, -0.99785
0.32, 1.27, 0.20, 0.01154, 0.06366, 0.01051, -0.99785
0.32, 1.27, 0.20, 0.01147, 0.06379, 0.01044, -0.99784
0.32, 1.27, 0.20, 0.01148, 0.06388, 0.01041, -0.99784
0.32, 1.27, 0.20, 0.01134, 0.06398, 0.01037, -0.99783
0.32, 1.27, 0.20, 0.01120, 0.06401, 0.01034, -0.99783
0.32, 1.27, 0.20, 0.01109, 0.06404, 0.01037, -0.99783
0.32, 1.27, 0.20, 0.01092, 0.06407, 0.01026, -0.99783
0.32, 1.27, 0.20, 0.01075, 0.06407, 0.01026, -0.99783
0.32, 1.27, 0.20, 0.01055, 0.06411, 0.01018, -0.99784
0.32, 1.27, 0.20, 0.01055, 0.06408, 0.01018, -0.99784
0.32, 1.27, 0.20, 0.01055, 0.06403, 0.01012, -0.99784
0.32, 1.27, 0.20, 0.01045, 0.06402, 0.01000, -0.99784
0.32, 1.27, 0.20, 0.01038, 0.06400, 0.01002, -0.99785
0.32, 1.27, 0.20, 0.01037, 0.06390, 0.00998, -0.99785
0.32, 1.27, 0.20, 0.01032, 0.06393, 0.00997, -0.99785
0.32, 1.27, 0.20, 0.01032, 0.06391, 0.00989, -0.99785
0.32, 1.27, 0.20, 0.01029, 0.06394, 0.00982, -0.99785
0.32, 1.27, 0.20, 0.01025, 0.06399, 0.00963, -0.99785
0.32, 1.27, 0.20, 0.01019, 0.06408, 0.00946, -0.99785
0.32, 1.27, 0.20, 0.01023, 0.06417, 0.00958, -0.99784
0.32, 1.27, 0.20, 0.01004, 0.06428, 0.00990, -0.99783
0.32, 1.27, 0.20, 0.00980, 0.06420, 0.01054, -0.99783
0.32, 1.27, 0.20, 0.00978, 0.06423, 0.01050, -0.99783
0.32, 1.27, 0.20, 0.00976, 0.06421, 0.01036, -0.99783
0.32, 1.27, 0.20, 0.00969, 0.06421, 0.01007, -0.99784
0.32, 1.27, 0.20, 0.00958, 0.06415, 0.00979, -0.99785
0.32, 1.27, 0.20, 0.00945, 0.06413, 0.00959, -0.99785
0.32, 1.27, 0.20, 0.00943, 0.06407, 0.00953, -0.99786
0.32, 1.27, 0.20, 0.00931, 0.06417, 0.00936, -0.99785
0.32, 1.27, 0.20, 0.00934, 0.06414, 0.00929, -0.99785
0.32, 1.27, 0.20, 0.00935, 0.06425, 0.00926, -0.99785
0.32, 1.27, 0.20, 0.00944, 0.06440, 0.00934, -0.99784
0.32, 1.27, 0.20, 0.00955, 0.06455, 0.00941, -0.99782
0.32, 1.27, 0.20, 0.00979, 0.06460, 0.00947, -0.99782
0.32, 1.27, 0.20, 0.00991, 0.06471, 0.00947, -0.99781
0.32, 1.27, 0.20, 0.01017, 0.06478, 0.00948, -0.99780
0.32, 1.27, 0.20, 0.01036, 0.06472, 0.00974, -0.99780
0.32, 1.27, 0.20, 0.01025, 0.06483, 0.00969, -0.99780
0.32, 1.27, 0.20, 0.01046, 0.06476, 0.00960, -0.99780
0.32, 1.27, 0.20, 0.01135, 0.06478, 0.00934, -0.99779
0.32, 1.27, 0.20, 0.01155, 0.06483, 0.00951, -0.99778
0.32, 1.27, 0.20, 0.01146, 0.06484, 0.00998, -0.99778
0.32, 1.27, 0.20, 0.01148, 0.06466, 0.01010, -0.99779
0.32, 1.27, 0.20, 0.01130, 0.06463, 0.00997, -0.99780
0.32, 1.27, 0.20, 0.01080, 0.06460, 0.00982, -0.99780
0.32, 1.27, 0.20, 0.00888, 0.06477, 0.00944, -0.99782
0.32, 1.27, 0.20, 0.00574, 0.06569, 0.00917, -0.99778
0.32, 1.27, 0.20, 0.00371, 0.06699, 0.00968, -0.99770
0.32, 1.27, 0.20, 0.00454, 0.06756, 0.01044, -0.99765
0.32, 1.27, 0.20, 0.00548, 0.06789, 0.01076, -0.99762
0.32, 1.27, 0.20, 0.00570, 0.06822, 0.01095, -0.99759
0.32, 1.27, 0.20, 0.00610, 0.06839, 0.01095, -0.99758
0.32, 1.27, 0.20, 0.00691, 0.06854, 0.01081, -0.99757
0.32, 1.27, 0.20, 0.00775, 0.06855, 0.01040, -0.99756
0.32, 1.27, 0.20, 0.00814, 0.06859, 0.01006, -0.99756
0.32, 1.27, 0.20, 0.00822, 0.06859, 0.00970, -0.99756
0.32, 1.27, 0.20, 0.00834, 0.06858, 0.00961, -0.99756
0.32, 1.27, 0.20, 0.00892, 0.06866, 0.00959, -0.99755
0.32, 1.27, 0.20, 0.00918, 0.06861, 0.00950, -0.99756
0.32, 1.27, 0.20, 0.00922, 0.06854, 0.00961, -0.99756
0.32, 1.27, 0.20, 0.00914, 0.06880, 0.00943, -0.99754
0.32, 1.27, 0.20, 0.00909, 0.06864, 0.00952, -0.99755
0.32, 1.27, 0.20, 0.00921, 0.06881, 0.00955, -0.99754
0.32, 1.27, 0.20, 0.00897, 0.06887, 0.00952, -0.99754
0.32, 1.27, 0.20, 0.00883, 0.06892, 0.00946, -0.99754
0.32, 1.27, 0.20, 0.00862, 0.06896, 0.00923, -0.99754
0.32, 1.27, 0.20, 0.00831, 0.06905, 0.00899, -0.99754
0.32, 1.27, 0.20, 0.00848, 0.06904, 0.00902, -0.99754
0.32, 1.27, 0.20, 0.00846, 0.06903, 0.00895, -0.99754
0.32, 1.27, 0.20, 0.00857, 0.06905, 0.00892, -0.99754
0.32, 1.27, 0.20, 0.00865, 0.06907, 0.00884, -0.99754
0.32, 1.27, 0.20, 0.00896, 0.06903, 0.00886, -0.99753
0.32, 1.27, 0.20, 0.00924, 0.06911, 0.00888, -0.99753
0.32, 1.27, 0.20, 0.00943, 0.06898, 0.00885, -0.99753
0.32, 1.27, 0.20, 0.00944, 0.06918, 0.00863, -0.99752
0.32, 1.27, 0.20, 0.01013, 0.06921, 0.00859, -0.99751
0.32, 1.27, 0.20, 0.01104, 0.06914, 0.00869, -0.99751
0.32, 1.27, 0.20, 0.01191, 0.06921, 0.00889, -0.99749
0.00, 0.00, 0.00, 0.00000, 0.00000, 0.00000, 1.00000
