0.00, 0.00, 0.00, 0.00000, 0.00000, 0.00000, 1.00000
0.00, 0.00, 0.00, 0.00000, 0.00000, 0.00000, 1.00000
0.00, 0.00, 0.00, 0.00000, 0.00000, 0.00000, 1.00000
0.00, 0.00, 0.00, 0.00000, 0.00000, 0.00000, 1.00000
0.00, 0.00, 0.00, 0.00000, 0.00000, 0.00000, 1.00000
0.00, 0.00, 0.00, 0.00000, 0.00000, 0.00000, 1.00000
0.00, 0.00, 0.00, 0.00000, 0.00000, 0.00000, 1.00000
0.00, 0.00, 0.00, 0.00000, 0.00000, 0.00000, 1.00000
0.00, 0.00, 0.00, 0.00000, 0.00000, 0.00000, 1.00000
0.00, 0.00, 0.00, 0.00000, 0.00000, 0.00000, 1.00000
0.00, 0.00, 0.00, 0.00000, 0.00000, 0.00000, 1.00000
0.00, 0.00, 0.00, 0.00000, 0.00000, 0.00000, 1.00000
0.00, 0.00, 0.00, 0.00000, 0.00000, 0.00000, 1.00000
0.00, 0.00, 0.00, 0.00000, 0.00000, 0.00000, 1.00000
0.00, 0.00, 0.00, 0.00000, 0.00000, 0.00000, 1.00000
0.00, 0.00, 0.00, 0.00000, 0.00000, 0.00000, 1.00000
0.00, 0.00, 0.00, 0.00000, 0.00000, 0.00000, 1.00000
0.00, 0.00, 0.00, 0.00000, 0.00000, 0.00000, 1.00000
0.00, 0.00, 0.00, 0.00000, 0.00000, 0.00000, 1.00000
0.00, 0.00, 0.00, 0.00000, 0.00000, 0.00000, 1.00000
0.00, 0.00, 0.00, 0.00000, 0.00000, 0.00000, 1.00000
0.00, 0.00, 0.00, 0.00000, 0.00000, 0.00000, 1.00000
0.00, 0.00, 0.00, 0.00000, 0.00000, 0.00000, 1.00000
0.00, 0.00, 0.00, 0.00000, 0.00000, 0.00000, 1.00000
0.00, 0.00, 0.00, 0.00000, 0.00000, 0.00000, 1.00000
0.00, 0.00, 0.00, 0.00000, 0.00000, 0.00000, 1.00000
0.00, 0.00, 0.00, 0.00000, 0.00000, 0.00000, 1.00000
0.00, 0.00, 0.00, 0.00000, 0.00000, 0.00000, 1.00000
0.00, 0.00, 0.00, 0.00000, 0.00000, 0.00000, 1.00000
0.00, 0.00, 0.00, 0.00000, 0.00000, 0.00000, 1.00000
0.00, 0.00, 0.00, 0.00000, 0.00000, 0.00000, 1.00000
0.00, 0.00, 0.00, 0.00000, 0.00000, 0.00000, 1.00000
0.00, 0.00, 0.00, 0.00000, 0.00000, 0.00000, 1.00000
0.00, 0.00, 0.00, 0.00000, 0.00000, 0.00000, 1.00000
0.00, 0.00, 0.00, 0.00000, 0.00000, 0.00000, 1.00000
0.00, 0.00, 0.00, 0.00000, 0.00000, 0.00000, 1.00000
0.00, 0.00, 0.00, 0.00000, 0.00000, 0.00000, 1.00000
0.00, 0.00, 0.00, 0.00000, 0.00000, 0.00000, 1.00000
0.00, 0.00, 0.00, 0.00000, 0.00000, 0.00000, 1.00000
0.00, 0.00, 0.00, 0.00000, 0.00000, 0.00000, 1.00000
0.00, 0.00, 0.00, 0.00000, 0.00000, 0.00000, 1.00000
0.00, 0.00, 0.00, 0.00000, 0.00000, 0.00000, 1.00000
0.00, 0.00, 0.00, 0.00000, 0.00000, 0.00000, 1.00000
0.00, 0.00, 0.00, 0.00000, 0.00000, 0.00000, 1.00000
0.00, 0.00, 0.00, 0.00000, 0.00000, 0.00000, 1.00000
0.00, 0.00, 0.00, 0.00000, 0.00000, 0.00000, 1.00000
0.00, 0.00, 0.00, 0.00000, 0.00000, 0.00000, 1.00000
0.00, 0.00, 0.00, 0.00000, 0.00000, 0.00000, 1.00000
0.00, 0.00, 0.00, 0.00000, 0.00000, 0.00000, 1.00000
0.00, 0.00, 0.00, 0.00000, 0.00000, 0.00000, 1.00000
0.00, 0.00, 0.00, 0.00000, 0.00000, 0.00000, 1.00000
0.00, 0.00, 0.00, 0.00000, 0.00000, 0.00000, 1.00000
0.00, 0.00, 0.00, 0.00000, 0.00000, 0.00000, 1.00000
0.00, 0.00, 0.00, 0.00000, 0.00000, 0.00000, 1.00000
0.00, 0.00, 0.00, 0.00000, 0.00000, 0.00000, 1.00000
0.00, 0.00, 0.00, 0.00000, 0.00000, 0.00000, 1.00000
0.00, 0.00, 0.00, 0.00000, 0.00000, 0.00000, 1.00000
0.00, 0.00, 0.00, 0.00000, 0.00000, 0.00000, 1.00000
0.00, 0.00, 0.00, 0.00000, 0.00000, 0.00000, 1.00000
0.00, 0.00, 0.00, 0.00000, 0.00000, 0.00000, 1.00000
0.00, 0.00, 0.00, 0.00000, 0.00000, 0.00000, 1.00000
0.00, 0.00, 0.00, 0.00000, 0.00000, 0.00000, 1.00000
0.00, 1.16, 0.09, -0.03744, -0.03110, -0.01310, 0.99873
0.00, 1.16, 0.09, -0.03761, -0.03056, -0.01393, 0.99873
0.00, 1.16, 0.09, -0.03816, -0.02873, -0.01626, 0.99873
0.00, 1.16, 0.09, -0.03829, -0.02826, -0.01689, 0.99872
0.00, 1.16, 0.09, -0.03855, -0.02786, -0.01735, 0.99872
0.00, 1.16, 0.09, -0.03855, -0.02724, -0.01803, 0.99872
0.00, 1.16, 0.09, -0.03818, -0.02674, -0.01849, 0.99874
0.00, 1.16, 0.09, -0.03808, -0.02602, -0.01893, 0.99876
0.00, 1.16, 0.09, -0.03792, -0.02536, -0.01944, 0.99877
0.00, 1.16, 0.09, -0.03779, -0.02462, -0.01967, 0.99879
0.00, 1.16, 0.09, -0.03790, -0.02395, -0.01977, 0.99880
0.00, 1.16, 0.09, -0.03814, -0.02314, -0.01943, 0.99882
0.00, 1.16, 0.09, -0.03838, -0.02245, -0.01901, 0.99883
0.00, 1.16, 0.09, -0.03859, -0.02184, -0.01836, 0.99885
0.00, 1.16, 0.09, -0.03897, -0.02122, -0.01770, 0.99886
0.00, 1.16, 0.09, -0.03918, -0.02065, -0.01733, 0.99887
0.00, 1.16, 0.09, -0.03936, -0.02023, -0.01717, 0.99887
0.00, 1.16, 0.09, -0.03952, -0.02018, -0.01717, 0.99887
0.00, 1.16, 0.09, -0.03957, -0.01989, -0.01711, 0.99887
0.00, 1.16, 0.09, -0.03957, -0.01990, -0.01740, 0.99887
0.00, 1.16, 0.09, -0.03957, -0.01992, -0.01781, 0.99886
0.00, 1.16, 0.09, -0.03951, -0.01994, -0.01837, 0.99885
0.00, 1.16, 0.09, -0.03925, -0.02010, -0.01888, 0.99885
0.00, 1.16, 0.09, -0.03914, -0.02021, -0.01942, 0.99884
0.00, 1.16, 0.09, -0.03910, -0.02035, -0.01998, 0.99883
0.00, 1.16, 0.09, -0.03917, -0.02044, -0.02018, 0.99882
0.00, 1.16, 0.09, -0.03941, -0.02049, -0.02034, 0.99881
0.00, 1.16, 0.09, -0.03961, -0.02084, -0.02042, 0.99879
0.00, 1.16, 0.09, -0.03968, -0.02099, -0.02042, 0.99878
0.00, 1.16, 0.09, -0.03999, -0.02113, -0.02046, 0.99877
0.00, 1.16, 0.09, -0.04016, -0.02115, -0.02015, 0.99877
0.00, 1.16, 0.09, -0.04048, -0.02116, -0.01951, 0.99877
0.00, 1.16, 0.09, -0.04063, -0.02107, -0.01894, 0.99877
0.00, 1.16, 0.09, -0.04089, -0.02113, -0.01835, 0.99877
0.00, 1.16, 0.09, -0.04108, -0.02126, -0.01782, 0.99877
0.00, 1.16, 0.09, -0.04106, -0.02139, -0.01763, 0.99877
0.00, 1.16, 0.09, -0.04114, -0.02168, -0.01763, 0.99876
0.00, 1.16, 0.09, -0.04095, -0.02174, -0.01791, 0.99876
0.00, 1.16, 0.09, -0.04082, -0.02179, -0.01817, 0.99876
0.00, 1.16, 0.09, -0.04053, -0.02195, -0.01860, 0.99876
0.00, 1.16, 0.09, -0.04024, -0.02200, -0.01875, 0.99877
0.00, 1.16, 0.09, -0.03991, -0.02191, -0.01878, 0.99879
0.00, 1.16, 0.09, -0.03961, -0.02193, -0.01876, 0.99880
0.00, 1.16, 0.09, -0.03923, -0.02164, -0.01850, 0.99882
0.00, 1.16, 0.09, -0.03899, -0.02134, -0.01794, 0.99885
0.00, 1.16, 0.09, -0.03865, -0.02112, -0.01734, 0.99888
0.00, 1.16, 0.09, -0.03863, -0.02106, -0.01664, 0.99889
0.00, 1.16, 0.09, -0.03870, -0.02084, -0.01556, 0.99891
0.00, 1.16, 0.09, -0.03868, -0.02068, -0.01400, 0.99894
0.00, 1.16, 0.09, -0.03898, -0.02036, -0.01237, 0.99896
0.00, 1.16, 0.09, -0.03944, -0.02055, -0.01074, 0.99895
0.00, 1.16, 0.09, -0.03976, -0.02084, -0.00942, 0.99895
0.00, 1.16, 0.09, -0.04018, -0.02133, -0.00815, 0.99893
0.00, 1.16, 0.09, -0.04050, -0.02182, -0.00725, 0.99891
0.00, 1.16, 0.09, -0.04075, -0.02265, -0.00668, 0.99889
0.00, 1.16, 0.09, -0.04091, -0.02368, -0.00635, 0.99886
0.00, 1.16, 0.09, -0.04082, -0.02465, -0.00630, 0.99884
0.00, 1.16, 0.09, -0.04085, -0.02594, -0.00644, 0.99881
0.00, 1.16, 0.09, -0.04061, -0.02721, -0.00657, 0.99878
0.00, 1.16, 0.09, -0.04041, -0.02841, -0.00667, 0.99876
0.00, 1.16, 0.09, -0.04017, -0.02936, -0.00649, 0.99874
0.00, 1.16, 0.09, -0.03990, -0.03036, -0.00637, 0.99872
0.00, 1.16, 0.09, -0.03966, -0.03154, -0.00601, 0.99870
0.00, 1.16, 0.09, -0.03951, -0.03263, -0.00554, 0.99867
0.00, 1.16, 0.09, -0.03959, -0.03350, -0.00498, 0.99864
0.00, 1.16, 0.09, -0.03974, -0.03441, -0.00422, 0.99861
0.00, 1.16, 0.09, -0.03999, -0.03529, -0.00330, 0.99857
0.00, 1.16, 0.09, -0.04035, -0.03587, -0.00211, 0.99854
0.00, 1.16, 0.09, -0.04085, -0.03651, -0.00104, 0.99850
0.00, 1.16, 0.09, -0.04121, -0.03720, 0.00000, 0.99846
0.00, 1.16, 0.09, -0.04145, -0.03795, 0.00074, 0.99842
0.00, 1.16, 0.09, -0.04178, -0.03847, 0.00080, 0.99839
-0.01, 1.16, 0.09, -0.04194, -0.03897, 0.00108, 0.99836
-0.01, 1.16, 0.09, -0.04213, -0.03968, 0.00106, 0.99832
-0.01, 1.16, 0.09, -0.04204, -0.04012, 0.00139, 0.99831
-0.01, 1.16, 0.09, -0.04209, -0.04035, 0.00168, 0.99830
-0.01, 1.16, 0.09, -0.04222, -0.04080, 0.00197, 0.99827
-0.01, 1.16, 0.09, -0.04218, -0.04094, 0.00223, 0.99827
-0.01, 1.16, 0.09, -0.04204, -0.04111, 0.00252, 0.99827
-0.01, 1.16, 0.09, -0.04187, -0.04118, 0.00270, 0.99827
-0.01, 1.16, 0.09, -0.04169, -0.04120, 0.00319, 0.99828
-0.01, 1.16, 0.09, -0.04147, -0.04119, 0.00355, 0.99828
-0.01, 1.16, 0.09, -0.04134, -0.04098, 0.00393, 0.99830
-0.01, 1.16, 0.09, -0.04158, -0.04069, 0.00431, 0.99830
-0.01, 1.16, 0.09, -0.04179, -0.04057, 0.00475, 0.99829
-0.01, 1.16, 0.09, -0.04210, -0.04047, 0.00514, 0.99828
-0.01, 1.16, 0.09, -0.04274, -0.04032, 0.00542, 0.99826
-0.01, 1.17, 0.09, -0.04309, -0.04032, 0.00547, 0.99824
-0.01, 1.17, 0.09, -0.04358, -0.04031, 0.00552, 0.99822
-0.01, 1.17, 0.09, -0.04384, -0.04030, 0.00546, 0.99821
-0.01, 1.17, 0.09, -0.04400, -0.04040, 0.00520, 0.99820
-0.01, 1.17, 0.09, -0.04415, -0.04046, 0.00474, 0.99819
-0.01, 1.17, 0.09, -0.04404, -0.04049, 0.00422, 0.99820
-0.01, 1.17, 0.09, -0.04394, -0.04051, 0.00369, 0.99821
-0.01, 1.17, 0.09, -0.04389, -0.04043, 0.00329, 0.99821
-0.01, 1.16, 0.09, -0.04379, -0.04032, 0.00336, 0.99822
-0.01, 1.16, 0.09, -0.04365, -0.04011, 0.00347, 0.99824
-0.01, 1.16, 0.09, -0.04349, -0.03984, 0.00372, 0.99825
-0.01, 1.16, 0.09, -0.04349, -0.03960, 0.00391, 0.99826
-0.01, 1.16, 0.09, -0.04343, -0.03937, 0.00415, 0.99827
-0.01, 1.16, 0.09, -0.04365, -0.03931, 0.00434, 0.99826
-0.01, 1.17, 0.09, -0.04370, -0.03913, 0.00461, 0.99827
-0.01, 1.17, 0.09, -0.04390, -0.03910, 0.00481, 0.99826
-0.01, 1.17, 0.09, -0.04394, -0.03897, 0.00491, 0.99826
-0.01, 1.17, 0.09, -0.04405, -0.03893, 0.00479, 0.99826
-0.01, 1.17, 0.09, -0.04409, -0.03913, 0.00482, 0.99825
-0.01, 1.17, 0.09, -0.04410, -0.03932, 0.00458, 0.99824
-0.01, 1.17, 0.09, -0.04405, -0.03950, 0.00435, 0.99824
-0.01, 1.17, 0.09, -0.04396, -0.03971, 0.00408, 0.99824
-0.01, 1.17, 0.09, -0.04387, -0.03989, 0.00386, 0.99823
-0.01, 1.16, 0.09, -0.04383, -0.03995, 0.00366, 0.99823
-0.01, 1.16, 0.09, -0.04380, -0.03999, 0.00355, 0.99823
-0.01, 1.16, 0.09, -0.04367, -0.03996, 0.00347, 0.99824
-0.01, 1.16, 0.09, -0.04373, -0.03984, 0.00346, 0.99824
-0.01, 1.16, 0.09, -0.04363, -0.03972, 0.00361, 0.99825
-0.01, 1.16, 0.09, -0.04360, -0.03961, 0.00376, 0.99826
-0.01, 1.16, 0.09, -0.04368, -0.03943, 0.00395, 0.99826
-0.01, 1.17, 0.09, -0.04383, -0.03917, 0.00421, 0.99826
-0.01, 1.17, 0.09, -0.04402, -0.03916, 0.00425, 0.99825
-0.01, 1.17, 0.09, -0.04419, -0.03908, 0.00438, 0.99825
-0.01, 1.17, 0.09, -0.04425, -0.03905, 0.00437, 0.99825
-0.01, 1.17, 0.09, -0.04447, -0.03920, 0.00414, 0.99823
-0.01, 1.17, 0.09, -0.04450, -0.03914, 0.00406, 0.99823
-0.01, 1.17, 0.09, -0.04460, -0.03925, 0.00373, 0.99823
-0.01, 1.17, 0.09, -0.04461, -0.03930, 0.00347, 0.99823
-0.01, 1.17, 0.09, -0.04464, -0.03943, 0.00323, 0.99822
-0.01, 1.17, 0.09, -0.04449, -0.03953, 0.00325, 0.99822
-0.01, 1.16, 0.09, -0.04460, -0.03960, 0.00326, 0.99821
-0.01, 1.16, 0.09, -0.04442, -0.03968, 0.00349, 0.99822
-0.01, 1.16, 0.09, -0.04424, -0.03973, 0.00361, 0.99822
-0.01, 1.16, 0.09, -0.04405, -0.03977, 0.00363, 0.99823
-0.01, 1.16, 0.09, -0.04388, -0.04003, 0.00357, 0.99823
-0.01, 1.16, 0.09, -0.04386, -0.04007, 0.00339, 0.99823
-0.01, 1.17, 0.09, -0.04362, -0.04000, 0.00336, 0.99824
-0.01, 1.17, 0.09, -0.04351, -0.04018, 0.00341, 0.99824
-0.01, 1.17, 0.09, -0.04331, -0.04021, 0.00347, 0.99825
-0.01, 1.16, 0.09, -0.04317, -0.04017, 0.00318, 0.99825
-0.01, 1.16, 0.09, -0.04287, -0.04040, 0.00297, 0.99826
-0.01, 1.16, 0.09, -0.04263, -0.04042, 0.00247, 0.99827
-0.01, 1.16, 0.09, -0.04254, -0.04066, 0.00220, 0.99826
-0.01, 1.16, 0.09, -0.04235, -0.04070, 0.00180, 0.99827
-0.01, 1.16, 0.09, -0.04229, -0.04068, 0.00134, 0.99828
-0.01, 1.16, 0.09, -0.04213, -0.04088, 0.00103, 0.99827
-0.01, 1.16, 0.09, -0.04223, -0.04087, 0.00054, 0.99827
-0.01, 1.16, 0.09, -0.04206, -0.04090, 0.00023, 0.99828
-0.01, 1.16, 0.09, -0.04202, -0.04098, -0.00010, 0.99828
-0.01, 1.16, 0.09, -0.04223, -0.04137, -0.00065, 0.99825
-0.01, 1.16, 0.09, -0.04252, -0.04220, -0.00109, 0.99820
-0.01, 1.17, 0.09, -0.04300, -0.04349, -0.00165, 0.99813
-0.01, 1.17, 0.09, -0.04335, -0.04542, -0.00233, 0.99802
-0.01, 1.17, 0.09, -0.04342, -0.04805, -0.00318, 0.99790
-0.01, 1.17, 0.09, -0.04378, -0.05125, -0.00396, 0.99772
-0.01, 1.17, 0.09, -0.04423, -0.05504, -0.00483, 0.99749
-0.01, 1.17, 0.09, -0.04448, -0.05991, -0.00566, 0.99720
-0.01, 1.17, 0.09, -0.04449, -0.06583, -0.00663, 0.99682
-0.01, 1.17, 0.09, -0.04444, -0.07216, -0.00751, 0.99637
-0.01, 1.17, 0.09, -0.04445, -0.07911, -0.00803, 0.99584
-0.01, 1.17, 0.09, -0.04474, -0.08680, -0.00825, 0.99519
-0.01, 1.17, 0.09, -0.04527, -0.09539, -0.00855, 0.99437
-0.01, 1.17, 0.09, -0.04548, -0.10460, -0.00901, 0.99343
-0.01, 1.17, 0.09, -0.04604, -0.11432, -0.00996, 0.99233
-0.01, 1.17, 0.09, -0.04668, -0.12431, -0.01067, 0.99109
-0.01, 1.17, 0.09, -0.04804, -0.13484, -0.01153, 0.98964
-0.01, 1.17, 0.09, -0.04973, -0.14585, -0.01214, 0.98798
-0.01, 1.17, 0.09, -0.05136, -0.15734, -0.01271, 0.98613
-0.02, 1.17, 0.09, -0.05305, -0.16917, -0.01319, 0.98407
-0.02, 1.17, 0.09, -0.05474, -0.18141, -0.01431, 0.98178
-0.02, 1.17, 0.09, -0.05630, -0.19416, -0.01550, 0.97923
-0.02, 1.17, 0.09, -0.05790, -0.20701, -0.01723, 0.97647
-0.02, 1.17, 0.09, -0.05900, -0.22014, -0.01935, 0.97349
-0.02, 1.17, 0.09, -0.06034, -0.23410, -0.02211, 0.97009
-0.02, 1.17, 0.09, -0.06147, -0.24790, -0.02465, 0.96652
-0.03, 1.17, 0.09, -0.06256, -0.26198, -0.02682, 0.96267
-0.03, 1.17, 0.09, -0.06349, -0.27646, -0.02876, 0.95849
-0.03, 1.17, 0.08, -0.06433, -0.29085, -0.02993, 0.95413
-0.03, 1.17, 0.08, -0.06520, -0.30512, -0.03087, 0.94958
-0.03, 1.17, 0.08, -0.06595, -0.31943, -0.03118, 0.94480
-0.03, 1.17, 0.08, -0.06685, -0.33368, -0.03142, 0.93979
-0.03, 1.17, 0.08, -0.06744, -0.34794, -0.03159, 0.93455
-0.03, 1.17, 0.08, -0.06836, -0.36198, -0.03199, 0.92913
-0.04, 1.17, 0.08, -0.06942, -0.37587, -0.03182, 0.92352
-0.04, 1.17, 0.08, -0.07050, -0.38975, -0.03127, 0.91768
-0.04, 1.17, 0.08, -0.07190, -0.40362, -0.03049, 0.91159
-0.04, 1.17, 0.07, -0.07305, -0.41731, -0.02975, 0.90533
-0.04, 1.17, 0.07, -0.07440, -0.43080, -0.02895, 0.89891
-0.04, 1.17, 0.07, -0.07607, -0.44420, -0.02833, 0.89224
-0.04, 1.17, 0.07, -0.07794, -0.45762, -0.02747, 0.88530
-0.05, 1.17, 0.07, -0.07941, -0.47093, -0.02688, 0.87818
-0.05, 1.17, 0.07, -0.08096, -0.48429, -0.02591, 0.87077
-0.05, 1.17, 0.07, -0.08304, -0.49715, -0.02467, 0.86333
-0.05, 1.17, 0.06, -0.08480, -0.50975, -0.02338, 0.85581
-0.05, 1.17, 0.06, -0.08619, -0.52217, -0.02194, 0.84819
-0.05, 1.17, 0.06, -0.08806, -0.53446, -0.02034, 0.84035
-0.05, 1.17, 0.06, -0.08969, -0.54664, -0.01873, 0.83234
-0.05, 1.17, 0.06, -0.09112, -0.55879, -0.01733, 0.82410
-0.05, 1.17, 0.06, -0.09267, -0.57058, -0.01608, 0.81584
-0.05, 1.17, 0.05, -0.09411, -0.58204, -0.01451, 0.80757
-0.06, 1.17, 0.05, -0.09555, -0.59273, -0.01291, 0.79961
-0.06, 1.17, 0.05, -0.09705, -0.60330, -0.01126, 0.79151
-0.06, 1.17, 0.05, -0.09876, -0.61360, -0.00939, 0.78336
-0.06, 1.17, 0.05, -0.10024, -0.62369, -0.00704, 0.77519
-0.06, 1.17, 0.05, -0.10273, -0.63325, -0.00433, 0.76708
-0.06, 1.17, 0.04, -0.10506, -0.64262, -0.00165, 0.75894
-0.06, 1.17, 0.04, -0.10741, -0.65161, 0.00042, 0.75091
-0.06, 1.17, 0.04, -0.10924, -0.66022, 0.00210, 0.74308
-0.06, 1.17, 0.04, -0.11074, -0.66832, 0.00338, 0.73558
-0.06, 1.17, 0.04, -0.11213, -0.67638, 0.00450, 0.72795
-0.06, 1.17, 0.04, -0.11359, -0.68424, 0.00547, 0.72034
-0.06, 1.17, 0.04, -0.11472, -0.69177, 0.00561, 0.71293
-0.06, 1.17, 0.03, -0.11557, -0.69884, 0.00571, 0.70586
-0.06, 1.17, 0.03, -0.11641, -0.70517, 0.00580, 0.69939
-0.06, 1.17, 0.03, -0.11750, -0.71094, 0.00634, 0.69334
-0.06, 1.17, 0.03, -0.11872, -0.71649, 0.00695, 0.68739
-0.06, 1.17, 0.03, -0.11976, -0.72132, 0.00717, 0.68213
-0.05, 1.17, 0.03, -0.12068, -0.72566, 0.00721, 0.67735
-0.05, 1.17, 0.03, -0.12106, -0.72948, 0.00685, 0.67317
-0.05, 1.17, 0.03, -0.12088, -0.73285, 0.00590, 0.66954
-0.05, 1.17, 0.03, -0.11942, -0.73586, 0.00407, 0.66651
-0.05, 1.17, 0.03, -0.11794, -0.73867, 0.00169, 0.66366
-0.05, 1.17, 0.03, -0.11652, -0.74092, -0.00039, 0.66141
-0.05, 1.17, 0.02, -0.11686, -0.74245, -0.00058, 0.65964
-0.05, 1.17, 0.02, -0.11878, -0.74309, 0.00126, 0.65856
-0.05, 1.17, 0.02, -0.11960, -0.74453, 0.00228, 0.65679
-0.05, 1.17, 0.02, -0.11999, -0.74565, 0.00347, 0.65544
-0.05, 1.17, 0.02, -0.11963, -0.74710, 0.00428, 0.65385
-0.05, 1.17, 0.02, -0.11920, -0.74881, 0.00487, 0.65196
-0.05, 1.17, 0.02, -0.11894, -0.75080, 0.00545, 0.64971
-0.05, 1.17, 0.02, -0.11951, -0.75291, 0.00560, 0.64715
-0.05, 1.17, 0.02, -0.12044, -0.75507, 0.00566, 0.64446
-0.05, 1.17, 0.02, -0.12228, -0.75744, 0.00556, 0.64133
-0.05, 1.17, 0.02, -0.12343, -0.76016, 0.00510, 0.63789
-0.05, 1.17, 0.02, -0.12381, -0.76279, 0.00437, 0.63466
-0.05, 1.17, 0.02, -0.12377, -0.76530, 0.00319, 0.63165
-0.05, 1.17, 0.02, -0.12423, -0.76743, 0.00184, 0.62898
-0.05, 1.17, 0.02, -0.12512, -0.76937, 0.00084, 0.62643
-0.05, 1.17, 0.02, -0.12594, -0.77129, -0.00040, 0.62390
-0.05, 1.17, 0.02, -0.12643, -0.77298, -0.00187, 0.62170
-0.05, 1.17, 0.02, -0.12691, -0.77400, -0.00369, 0.62032
-0.05, 1.17, 0.02, -0.12727, -0.77456, -0.00528, 0.61954
-0.05, 1.17, 0.02, -0.12725, -0.77484, -0.00600, 0.61919
-0.05, 1.17, 0.02, -0.12704, -0.77504, -0.00664, 0.61898
-0.05, 1.17, 0.02, -0.12618, -0.77511, -0.00706, 0.61906
-0.05, 1.17, 0.02, -0.12547, -0.77497, -0.00723, 0.61938
-0.05, 1.17, 0.02, -0.12490, -0.77466, -0.00701, 0.61988
-0.05, 1.17, 0.02, -0.12472, -0.77413, -0.00669, 0.62058
-0.05, 1.17, 0.02, -0.12427, -0.77360, -0.00629, 0.62133
-0.05, 1.17, 0.02, -0.12356, -0.77321, -0.00658, 0.62196
-0.05, 1.17, 0.02, -0.12260, -0.77298, -0.00677, 0.62244
-0.05, 1.17, 0.02, -0.12181, -0.77260, -0.00684, 0.62307
-0.05, 1.17, 0.02, -0.12172, -0.77226, -0.00680, 0.62350
-0.05, 1.17, 0.02, -0.12163, -0.77205, -0.00675, 0.62378
-0.05, 1.17, 0.02, -0.12158, -0.77201, -0.00657, 0.62384
-0.05, 1.17, 0.02, -0.12141, -0.77219, -0.00699, 0.62364
-0.05, 1.17, 0.02, -0.12131, -0.77247, -0.00774, 0.62330
-0.05, 1.17, 0.02, -0.12114, -0.77287, -0.00827, 0.62284
-0.05, 1.17, 0.02, -0.12118, -0.77342, -0.00892, 0.62214
-0.04, 1.17, 0.02, -0.12100, -0.77400, -0.00889, 0.62145
-0.04, 1.17, 0.02, -0.12030, -0.77448, -0.00921, 0.62099
-0.04, 1.17, 0.02, -0.11965, -0.77487, -0.01003, 0.62062
-0.04, 1.17, 0.02, -0.11940, -0.77515, -0.01076, 0.62030
-0.04, 1.17, 0.02, -0.11971, -0.77541, -0.01114, 0.61991
-0.04, 1.17, 0.02, -0.11971, -0.77557, -0.01151, 0.61970
-0.04, 1.17, 0.02, -0.11937, -0.77583, -0.01191, 0.61943
-0.04, 1.17, 0.02, -0.11883, -0.77585, -0.01245, 0.61950
-0.04, 1.17, 0.02, -0.11942, -0.77566, -0.01270, 0.61962
-0.04, 1.17, 0.02, -0.12006, -0.77545, -0.01305, 0.61975
-0.04, 1.17, 0.02, -0.12038, -0.77542, -0.01352, 0.61971
-0.04, 1.17, 0.02, -0.12023, -0.77528, -0.01419, 0.61991
-0.04, 1.17, 0.02, -0.11989, -0.77501, -0.01504, 0.62029
-0.04, 1.17, 0.02, -0.11977, -0.77460, -0.01563, 0.62081
-0.04, 1.17, 0.02, -0.11968, -0.77430, -0.01630, 0.62118
-0.04, 1.17, 0.02, -0.11936, -0.77364, -0.01641, 0.62207
-0.04, 1.17, 0.02, -0.11886, -0.77274, -0.01668, 0.62327
-0.04, 1.17, 0.02, -0.11826, -0.77163, -0.01679, 0.62476
-0.04, 1.17, 0.02, -0.11724, -0.77012, -0.01681, 0.62681
-0.04, 1.17, 0.02, -0.11569, -0.76838, -0.01680, 0.62922
-0.04, 1.17, 0.03, -0.11349, -0.76588, -0.01695, 0.63266
-0.04, 1.17, 0.03, -0.11027, -0.76281, -0.01811, 0.63689
-0.04, 1.17, 0.03, -0.10728, -0.75874, -0.02025, 0.64218
-0.04, 1.17, 0.03, -0.10585, -0.75284, -0.02277, 0.64923
-0.04, 1.17, 0.03, -0.10600, -0.74521, -0.02252, 0.65796
-0.04, 1.17, 0.03, -0.10718, -0.73760, -0.02078, 0.66636
-0.04, 1.17, 0.03, -0.10829, -0.72970, -0.01884, 0.67488
-0.04, 1.17, 0.03, -0.10958, -0.72192, -0.01710, 0.68303
-0.04, 1.17, 0.03, -0.11259, -0.71397, -0.01545, 0.69089
-0.04, 1.17, 0.03, -0.11623, -0.70563, -0.01391, 0.69885
-0.05, 1.17, 0.03, -0.12024, -0.69687, -0.01257, 0.70694
-0.05, 1.17, 0.03, -0.12441, -0.68774, -0.01167, 0.71512
-0.05, 1.17, 0.04, -0.12816, -0.67821, -0.01029, 0.72354
-0.05, 1.17, 0.04, -0.13180, -0.66761, -0.00819, 0.73271
-0.05, 1.17, 0.04, -0.13490, -0.65657, -0.00549, 0.74209
-0.05, 1.17, 0.04, -0.13661, -0.64492, -0.00328, 0.75193
-0.05, 1.17, 0.04, -0.13672, -0.63323, -0.00183, 0.76179
-0.05, 1.17, 0.04, -0.13691, -0.62147, -0.00102, 0.77138
-0.05, 1.17, 0.04, -0.13718, -0.60962, 0.00082, 0.78073
-0.04, 1.17, 0.04, -0.13767, -0.59743, 0.00344, 0.79001
-0.04, 1.17, 0.05, -0.13763, -0.58501, 0.00713, 0.79923
-0.04, 1.17, 0.05, -0.13733, -0.57236, 0.00993, 0.80836
-0.04, 1.17, 0.05, -0.13676, -0.55932, 0.01220, 0.81750
-0.04, 1.17, 0.05, -0.13527, -0.54626, 0.01394, 0.82650
-0.04, 1.17, 0.05, -0.13293, -0.53339, 0.01567, 0.83521
-0.04, 1.17, 0.05, -0.13050, -0.52017, 0.01685, 0.84387
-0.04, 1.17, 0.05, -0.12799, -0.50601, 0.01808, 0.85279
-0.04, 1.17, 0.06, -0.12557, -0.49098, 0.01892, 0.86187
-0.04, 1.17, 0.06, -0.12371, -0.47588, 0.01996, 0.87054
-0.04, 1.17, 0.06, -0.12215, -0.46044, 0.02147, 0.87898
-0.04, 1.17, 0.06, -0.12055, -0.44469, 0.02449, 0.88719
-0.04, 1.17, 0.06, -0.11889, -0.42845, 0.02770, 0.89528
-0.04, 1.17, 0.07, -0.11690, -0.41202, 0.03043, 0.90314
-0.04, 1.17, 0.07, -0.11517, -0.39512, 0.03295, 0.91078
-0.03, 1.17, 0.07, -0.11390, -0.37830, 0.03450, 0.91800
-0.03, 1.17, 0.07, -0.11263, -0.36155, 0.03568, 0.92484
-0.03, 1.17, 0.07, -0.11137, -0.34498, 0.03660, 0.93126
-0.03, 1.17, 0.07, -0.10948, -0.32855, 0.03795, 0.93735
-0.03, 1.17, 0.08, -0.10716, -0.31165, 0.03886, 0.94333
-0.03, 1.17, 0.08, -0.10472, -0.29485, 0.03903, 0.94899
-0.03, 1.17, 0.08, -0.10228, -0.27830, 0.03805, 0.95427
-0.02, 1.17, 0.08, -0.09998, -0.26232, 0.03560, 0.95913
-0.02, 1.17, 0.08, -0.09742, -0.24663, 0.03230, 0.96366
-0.02, 1.17, 0.08, -0.09442, -0.23154, 0.02893, 0.96780
-0.02, 1.17, 0.08, -0.09149, -0.21649, 0.02618, 0.97164
-0.02, 1.17, 0.09, -0.08900, -0.20162, 0.02315, 0.97514
-0.02, 1.17, 0.09, -0.08712, -0.18728, 0.01934, 0.97825
-0.02, 1.17, 0.09, -0.08607, -0.17314, 0.01436, 0.98102
-0.01, 1.17, 0.09, -0.08534, -0.15868, 0.00949, 0.98359
-0.01, 1.17, 0.09, -0.08459, -0.14388, 0.00483, 0.98596
-0.01, 1.17, 0.09, -0.08350, -0.12836, 0.00077, 0.98821
-0.01, 1.17, 0.09, -0.08240, -0.11264, -0.00288, 0.99021
-0.01, 1.17, 0.09, -0.08078, -0.09686, -0.00626, 0.99199
-0.01, 1.17, 0.09, -0.07951, -0.08106, -0.00952, 0.99349
-0.01, 1.17, 0.09, -0.07802, -0.06485, -0.01227, 0.99476
0.00, 1.17, 0.10, -0.07691, -0.04814, -0.01444, 0.99577
0.00, 1.17, 0.10, -0.07556, -0.03094, -0.01616, 0.99653
0.00, 1.17, 0.10, -0.07410, -0.01365, -0.01759, 0.99700
0.00, 1.17, 0.10, -0.07250, 0.00368, -0.01846, 0.99719
0.00, 1.17, 0.10, -0.07111, 0.02182, -0.01839, 0.99706
0.00, 1.17, 0.10, -0.06955, 0.03972, -0.01811, 0.99662
0.01, 1.17, 0.10, -0.06770, 0.05764, -0.01765, 0.99588
0.01, 1.17, 0.10, -0.06526, 0.07554, -0.01713, 0.99486
0.01, 1.16, 0.10, -0.06344, 0.09361, -0.01654, 0.99345
0.01, 1.16, 0.10, -0.06177, 0.11164, -0.01558, 0.99170
0.01, 1.16, 0.10, -0.05993, 0.12977, -0.01480, 0.98962
0.01, 1.16, 0.10, -0.05769, 0.14746, -0.01419, 0.98728
0.02, 1.16, 0.10, -0.05572, 0.16530, -0.01309, 0.98458
0.02, 1.16, 0.10, -0.05447, 0.18296, -0.01177, 0.98154
0.02, 1.16, 0.10, -0.05304, 0.20083, -0.00992, 0.97814
0.02, 1.16, 0.10, -0.05167, 0.21843, -0.00786, 0.97445
0.02, 1.16, 0.09, -0.05032, 0.23550, -0.00573, 0.97055
0.02, 1.16, 0.09, -0.04921, 0.25250, -0.00418, 0.96634
0.02, 1.16, 0.09, -0.04869, 0.26928, -0.00308, 0.96183
0.02, 1.16, 0.09, -0.04834, 0.28596, -0.00218, 0.95702
0.02, 1.16, 0.09, -0.04827, 0.30261, -0.00111, 0.95189
0.03, 1.16, 0.09, -0.04832, 0.31860, -0.00009, 0.94666
0.03, 1.16, 0.09, -0.04842, 0.33450, 0.00112, 0.94115
0.03, 1.16, 0.09, -0.04882, 0.34972, 0.00232, 0.93558
0.03, 1.16, 0.09, -0.04935, 0.36487, 0.00368, 0.92974
0.03, 1.16, 0.09, -0.05049, 0.37935, 0.00538, 0.92386
0.03, 1.16, 0.09, -0.05115, 0.39349, 0.00716, 0.91788
0.03, 1.16, 0.08, -0.05206, 0.40707, 0.00854, 0.91187
0.03, 1.16, 0.08, -0.05287, 0.42003, 0.00928, 0.90592
0.03, 1.16, 0.08, -0.05359, 0.43302, 0.00953, 0.89974
0.03, 1.16, 0.08, -0.05468, 0.44575, 0.00962, 0.89344
0.03, 1.16, 0.08, -0.05528, 0.45807, 0.00964, 0.88715
0.03, 1.16, 0.08, -0.05572, 0.46945, 0.00924, 0.88115
0.03, 1.16, 0.08, -0.05544, 0.48088, 0.00859, 0.87499
0.03, 1.16, 0.07, -0.05486, 0.49164, 0.00784, 0.86903
0.03, 1.16, 0.07, -0.05397, 0.50207, 0.00691, 0.86311
0.03, 1.16, 0.07, -0.05297, 0.51197, 0.00562, 0.85735
0.03, 1.16, 0.07, -0.05174, 0.52171, 0.00415, 0.85154
0.03, 1.16, 0.07, -0.05037, 0.53115, 0.00278, 0.84577
0.03, 1.16, 0.07, -0.04926, 0.54009, 0.00205, 0.84016
0.03, 1.16, 0.06, -0.04860, 0.54873, 0.00122, 0.83459
0.03, 1.16, 0.06, -0.04837, 0.55702, -0.00030, 0.82909
0.03, 1.16, 0.06, -0.04838, 0.56549, -0.00210, 0.82333
0.04, 1.16, 0.06, -0.04882, 0.57318, -0.00397, 0.81796
0.04, 1.16, 0.06, -0.04980, 0.58060, -0.00631, 0.81264
0.04, 1.16, 0.06, -0.05095, 0.58728, -0.00905, 0.80772
0.04, 1.16, 0.06, -0.05216, 0.59393, -0.01201, 0.80273
0.04, 1.15, 0.05, -0.05251, 0.59942, -0.01467, 0.79858
0.04, 1.15, 0.05, -0.05260, 0.60460, -0.01704, 0.79461
0.04, 1.15, 0.05, -0.05248, 0.60903, -0.01902, 0.79118
0.04, 1.15, 0.05, -0.05232, 0.61259, -0.02106, 0.78838
0.04, 1.15, 0.05, -0.05235, 0.61572, -0.02315, 0.78588
0.04, 1.15, 0.05, -0.05139, 0.61854, -0.02544, 0.78366
0.04, 1.15, 0.05, -0.05071, 0.62087, -0.02703, 0.78180
0.04, 1.15, 0.05, -0.05076, 0.62294, -0.02834, 0.78010
0.04, 1.15, 0.04, -0.05116, 0.62471, -0.02965, 0.77862
0.04, 1.15, 0.04, -0.05162, 0.62603, -0.03090, 0.77747
0.04, 1.15, 0.04, -0.05184, 0.62734, -0.03203, 0.77636
0.04, 1.15, 0.04, -0.05209, 0.62859, -0.03327, 0.77528
0.04, 1.15, 0.04, -0.05310, 0.62986, -0.03446, 0.77413
0.04, 1.15, 0.04, -0.05467, 0.63027, -0.03563, 0.77363
0.04, 1.15, 0.04, -0.05651, 0.63091, -0.03631, 0.77294
0.04, 1.15, 0.04, -0.05767, 0.63145, -0.03681, 0.77239
0.04, 1.15, 0.04, -0.05855, 0.63223, -0.03748, 0.77165
0.04, 1.15, 0.04, -0.05936, 0.63319, -0.03829, 0.77076
0.04, 1.15, 0.04, -0.05989, 0.63448, -0.03902, 0.76963
0.04, 1.15, 0.04, -0.06059, 0.63571, -0.03949, 0.76853
0.04, 1.15, 0.04, -0.06127, 0.63698, -0.03992, 0.76740
0.04, 1.15, 0.04, -0.06227, 0.63852, -0.04062, 0.76600
0.04, 1.15, 0.03, -0.06321, 0.64029, -0.04132, 0.76441
0.04, 1.15, 0.03, -0.06480, 0.64219, -0.04217, 0.76264
0.04, 1.15, 0.03, -0.06683, 0.64456, -0.04272, 0.76043
0.04, 1.15, 0.03, -0.06909, 0.64745, -0.04318, 0.75774
0.04, 1.15, 0.03, -0.07128, 0.65066, -0.04324, 0.75478
0.04, 1.15, 0.03, -0.07321, 0.65401, -0.04294, 0.75171
0.04, 1.15, 0.03, -0.07510, 0.65710, -0.04284, 0.74883
0.04, 1.15, 0.03, -0.07652, 0.65999, -0.04354, 0.74610
0.04, 1.15, 0.03, -0.07774, 0.66241, -0.04537, 0.74372
0.04, 1.15, 0.03, -0.07854, 0.66406, -0.04761, 0.74202
0.04, 1.15, 0.03, -0.07876, 0.66551, -0.04967, 0.74056
0.04, 1.15, 0.03, -0.07856, 0.66631, -0.05086, 0.73978
0.04, 1.15, 0.03, -0.07780, 0.66691, -0.05161, 0.73927
0.04, 1.15, 0.03, -0.07732, 0.66717, -0.05230, 0.73904
0.04, 1.15, 0.03, -0.07620, 0.66739, -0.05246, 0.73894
0.04, 1.15, 0.03, -0.07503, 0.66782, -0.05230, 0.73869
0.04, 1.15, 0.03, -0.07362, 0.66799, -0.05193, 0.73870
0.04, 1.15, 0.03, -0.07213, 0.66821, -0.05182, 0.73865
0.04, 1.15, 0.03, -0.07103, 0.66847, -0.05170, 0.73853
0.04, 1.15, 0.03, -0.06940, 0.66849, -0.05188, 0.73865
0.04, 1.15, 0.03, -0.06818, 0.66868, -0.05189, 0.73860
0.04, 1.15, 0.03, -0.06716, 0.66868, -0.05122, 0.73874
0.04, 1.15, 0.03, -0.06628, 0.66842, -0.05063, 0.73909
0.04, 1.15, 0.03, -0.06523, 0.66815, -0.05043, 0.73944
0.04, 1.15, 0.03, -0.06451, 0.66818, -0.05041, 0.73948
0.04, 1.15, 0.03, -0.06371, 0.66810, -0.05061, 0.73961
0.04, 1.15, 0.03, -0.06308, 0.66816, -0.05091, 0.73959
0.04, 1.15, 0.03, -0.06246, 0.66815, -0.05085, 0.73965
0.04, 1.15, 0.03, -0.06195, 0.66817, -0.05053, 0.73970
0.04, 1.15, 0.03, -0.06171, 0.66815, -0.05031, 0.73975
0.04, 1.15, 0.03, -0.06133, 0.66809, -0.05030, 0.73984
0.04, 1.15, 0.03, -0.06088, 0.66820, -0.04997, 0.73980
0.04, 1.15, 0.03, -0.06048, 0.66821, -0.04911, 0.73988
0.04, 1.15, 0.03, -0.05955, 0.66792, -0.04846, 0.74026
0.04, 1.15, 0.03, -0.05932, 0.66732, -0.04798, 0.74085
0.04, 1.15, 0.03, -0.05895, 0.66640, -0.04827, 0.74169
0.04, 1.15, 0.03, -0.05857, 0.66553, -0.04845, 0.74249
0.04, 1.15, 0.03, -0.05792, 0.66444, -0.04802, 0.74355
0.04, 1.15, 0.03, -0.05701, 0.66301, -0.04765, 0.74491
0.04, 1.15, 0.03, -0.05603, 0.66125, -0.04736, 0.74657
0.04, 1.15, 0.03, -0.05471, 0.65938, -0.04686, 0.74835
0.04, 1.15, 0.04, -0.05293, 0.65738, -0.04596, 0.75029
0.04, 1.15, 0.04, -0.05058, 0.65503, -0.04446, 0.75260
0.04, 1.15, 0.04, -0.04770, 0.65209, -0.04252, 0.75545
0.04, 1.15, 0.04, -0.04551, 0.64831, -0.04061, 0.75893
0.04, 1.15, 0.04, -0.04431, 0.64388, -0.03944, 0.76283
0.04, 1.15, 0.04, -0.04331, 0.63916, -0.03912, 0.76686
0.04, 1.15, 0.04, -0.04212, 0.63393, -0.03937, 0.77124
0.04, 1.15, 0.04, -0.04096, 0.62846, -0.03888, 0.77579
0.04, 1.15, 0.04, -0.04024, 0.62228, -0.03832, 0.78082
0.04, 1.15, 0.04, -0.03984, 0.61573, -0.03830, 0.78602
0.04, 1.15, 0.04, -0.03983, 0.60816, -0.03808, 0.79190
0.04, 1.16, 0.04, -0.04005, 0.60024, -0.03693, 0.79796
0.04, 1.16, 0.04, -0.04003, 0.59182, -0.03557, 0.80429
0.04, 1.16, 0.04, -0.03905, 0.58253, -0.03415, 0.81115
0.04, 1.16, 0.04, -0.03852, 0.57272, -0.03289, 0.81818
0.04, 1.16, 0.04, -0.03914, 0.56242, -0.03194, 0.82531
0.04, 1.16, 0.04, -0.04076, 0.55098, -0.03129, 0.83293
0.04, 1.16, 0.04, -0.04165, 0.53957, -0.03057, 0.84036
0.03, 1.16, 0.04, -0.04152, 0.52815, -0.02826, 0.84766
0.03, 1.16, 0.05, -0.03979, 0.51725, -0.02452, 0.85456
0.03, 1.16, 0.05, -0.03729, 0.50604, -0.02019, 0.86147
0.03, 1.16, 0.05, -0.03459, 0.49462, -0.01559, 0.86828
0.03, 1.16, 0.05, -0.03206, 0.48347, -0.01186, 0.87469
0.03, 1.16, 0.05, -0.03058, 0.47178, -0.00923, 0.88114
0.02, 1.16, 0.05, -0.02976, 0.45955, -0.00749, 0.88762
0.02, 1.16, 0.05, -0.02966, 0.44703, -0.00652, 0.89400
0.02, 1.16, 0.06, -0.03003, 0.43434, -0.00679, 0.90022
0.02, 1.16, 0.06, -0.03093, 0.42091, -0.00725, 0.90655
0.02, 1.16, 0.06, -0.03231, 0.40747, -0.00803, 0.91261
0.01, 1.16, 0.06, -0.03428, 0.39337, -0.00914, 0.91869
0.01, 1.16, 0.06, -0.03620, 0.37886, -0.01010, 0.92469
0.01, 1.16, 0.06, -0.03759, 0.36388, -0.01107, 0.93062
0.01, 1.16, 0.07, -0.03839, 0.34879, -0.01161, 0.93634
0.00, 1.16, 0.07, -0.03926, 0.33325, -0.01159, 0.94195
0.00, 1.16, 0.07, -0.03976, 0.31704, -0.01123, 0.94751
0.00, 1.16, 0.07, -0.04029, 0.30118, -0.01064, 0.95266
0.00, 1.16, 0.07, -0.04102, 0.28505, -0.00962, 0.95759
-0.01, 1.16, 0.07, -0.04208, 0.26876, -0.00894, 0.96225
-0.01, 1.16, 0.08, -0.04248, 0.25215, -0.00825, 0.96672
-0.01, 1.16, 0.08, -0.04233, 0.23492, -0.00772, 0.97106
-0.01, 1.16, 0.08, -0.04172, 0.21765, -0.00708, 0.97511
-0.02, 1.16, 0.08, -0.04073, 0.20046, -0.00619, 0.97884
-0.02, 1.16, 0.08, -0.04039, 0.18323, -0.00457, 0.98223
-0.02, 1.16, 0.08, -0.04103, 0.16572, -0.00291, 0.98532
-0.02, 1.16, 0.08, -0.04130, 0.14835, -0.00156, 0.98807
-0.03, 1.16, 0.09, -0.04065, 0.13070, -0.00030, 0.99059
-0.03, 1.16, 0.09, -0.03968, 0.11333, 0.00117, 0.99276
-0.03, 1.16, 0.09, -0.03844, 0.09590, 0.00309, 0.99464
-0.03, 1.16, 0.09, -0.03741, 0.07874, 0.00518, 0.99618
-0.04, 1.16, 0.09, -0.03672, 0.06137, 0.00740, 0.99741
-0.04, 1.16, 0.09, -0.03660, 0.04405, 0.00976, 0.99831
-0.04, 1.16, 0.09, -0.03623, 0.02704, 0.01174, 0.99891
-0.04, 1.16, 0.09, -0.03578, 0.01055, 0.01393, 0.99921
-0.04, 1.16, 0.09, -0.03577, -0.00525, 0.01625, 0.99921
-0.05, 1.16, 0.10, -0.03610, -0.02054, 0.01876, 0.99896
-0.05, 1.16, 0.10, -0.03786, -0.03519, 0.02067, 0.99845
-0.05, 1.16, 0.10, -0.03978, -0.04918, 0.02191, 0.99776
-0.05, 1.16, 0.10, -0.04206, -0.06190, 0.02262, 0.99694
-0.05, 1.16, 0.10, -0.04423, -0.07305, 0.02370, 0.99607
-0.05, 1.16, 0.10, -0.04722, -0.08281, 0.02551, 0.99512
-0.06, 1.16, 0.10, -0.05118, -0.09144, 0.02719, 0.99412
-0.06, 1.16, 0.10, -0.05563, -0.09783, 0.02862, 0.99324
-0.06, 1.16, 0.10, -0.05958, -0.10142, 0.03008, 0.99260
-0.06, 1.16, 0.10, -0.06290, -0.10283, 0.03228, 0.99218
-0.06, 1.16, 0.10, -0.06563, -0.10513, 0.03414, 0.99170
-0.06, 1.16, 0.10, -0.06850, -0.10753, 0.03533, 0.99121
-0.06, 1.16, 0.10, -0.07196, -0.10670, 0.03539, 0.99105
-0.06, 1.16, 0.10, -0.07494, -0.10505, 0.03551, 0.99100
-0.06, 1.17, 0.10, -0.07795, -0.10224, 0.03573, 0.99106
-0.06, 1.17, 0.10, -0.08052, -0.09882, 0.03619, 0.99118
-0.06, 1.16, 0.10, -0.08226, -0.09458, 0.03608, 0.99146
-0.06, 1.16, 0.10, -0.08404, -0.09078, 0.03538, 0.99169
-0.05, 1.16, 0.10, -0.08511, -0.08690, 0.03420, 0.99199
-0.05, 1.16, 0.10, -0.08586, -0.08319, 0.03221, 0.99231
-0.05, 1.16, 0.10, -0.08570, -0.07893, 0.02940, 0.99275
-0.05, 1.16, 0.10, -0.08564, -0.07438, 0.02666, 0.99319
-0.05, 1.17, 0.10, -0.08543, -0.06998, 0.02400, 0.99359
-0.05, 1.17, 0.10, -0.08525, -0.06604, 0.02136, 0.99394
-0.05, 1.17, 0.10, -0.08461, -0.06262, 0.01847, 0.99427
-0.05, 1.17, 0.10, -0.08371, -0.05965, 0.01552, 0.99458
-0.04, 1.17, 0.10, -0.08253, -0.05680, 0.01269, 0.99489
-0.04, 1.17, 0.10, -0.08111, -0.05399, 0.00970, 0.99520
-0.04, 1.17, 0.10, -0.07959, -0.05135, 0.00692, 0.99548
-0.04, 1.17, 0.10, -0.07854, -0.04902, 0.00426, 0.99570
-0.04, 1.17, 0.10, -0.07776, -0.04692, 0.00182, 0.99587
-0.04, 1.17, 0.10, -0.07676, -0.04538, -0.00016, 0.99602
-0.04, 1.17, 0.10, -0.07619, -0.04475, -0.00201, 0.99609
-0.04, 1.17, 0.10, -0.07579, -0.04396, -0.00379, 0.99615
-0.03, 1.17, 0.10, -0.07576, -0.04339, -0.00515, 0.99617
-0.03, 1.17, 0.10, -0.07583, -0.04279, -0.00615, 0.99618
-0.03, 1.17, 0.10, -0.07625, -0.04191, -0.00615, 0.99619
-0.03, 1.17, 0.10, -0.07688, -0.04108, -0.00586, 0.99618
-0.03, 1.17, 0.10, -0.07754, -0.04085, -0.00557, 0.99614
-0.03, 1.17, 0.10, -0.07804, -0.04106, -0.00514, 0.99609
-0.03, 1.17, 0.10, -0.07871, -0.04109, -0.00515, 0.99604
-0.03, 1.17, 0.10, -0.07927, -0.04106, -0.00482, 0.99600
-0.03, 1.17, 0.10, -0.07999, -0.04096, -0.00463, 0.99594
-0.03, 1.17, 0.10, -0.08018, -0.04062, -0.00397, 0.99594
-0.03, 1.17, 0.10, -0.08060, -0.04051, -0.00349, 0.99592
-0.03, 1.17, 0.10, -0.08091, -0.04072, -0.00308, 0.99588
-0.03, 1.17, 0.10, -0.08117, -0.04089, -0.00284, 0.99586
-0.03, 1.17, 0.10, -0.08117, -0.04062, -0.00287, 0.99587
-0.03, 1.17, 0.10, -0.08136, -0.04021, -0.00308, 0.99587
-0.03, 1.17, 0.10, -0.08141, -0.03995, -0.00325, 0.99587
-0.03, 1.17, 0.10, -0.08147, -0.03961, -0.00345, 0.99588
-0.03, 1.17, 0.10, -0.08136, -0.03954, -0.00367, 0.99589
-0.03, 1.17, 0.10, -0.08098, -0.03969, -0.00387, 0.99592
-0.03, 1.17, 0.10, -0.08037, -0.03960, -0.00406, 0.99597
-0.03, 1.17, 0.10, -0.07982, -0.03931, -0.00420, 0.99602
-0.03, 1.17, 0.10, -0.07896, -0.03879, -0.00458, 0.99611
-0.03, 1.17, 0.10, -0.07850, -0.03819, -0.00514, 0.99617
-0.03, 1.17, 0.10, -0.07822, -0.03761, -0.00558, 0.99621
-0.03, 1.17, 0.10, -0.07814, -0.03718, -0.00616, 0.99623
-0.03, 1.17, 0.10, -0.07808, -0.03672, -0.00682, 0.99625
-0.03, 1.17, 0.10, -0.07815, -0.03629, -0.00716, 0.99625
-0.03, 1.17, 0.10, -0.07827, -0.03532, -0.00742, 0.99628
-0.03, 1.17, 0.10, -0.07847, -0.03422, -0.00715, 0.99630
-0.03, 1.17, 0.10, -0.07906, -0.03335, -0.00651, 0.99629
-0.03, 1.17, 0.10, -0.07974, -0.03253, -0.00584, 0.99627
-0.03, 1.17, 0.10, -0.08028, -0.03191, -0.00531, 0.99625
-0.03, 1.17, 0.10, -0.08096, -0.03156, -0.00482, 0.99621
-0.03, 1.17, 0.10, -0.08146, -0.03099, -0.00445, 0.99618
-0.03, 1.17, 0.10, -0.08236, -0.03058, -0.00375, 0.99613
-0.03, 1.17, 0.10, -0.08215, -0.03032, -0.00364, 0.99615
-0.03, 1.17, 0.10, -0.08144, -0.03042, -0.00414, 0.99621
-0.03, 1.17, 0.10, -0.08279, -0.03008, -0.00341, 0.99611
-0.03, 1.17, 0.10, -0.08198, -0.03026, -0.00310, 0.99617
-0.03, 1.17, 0.10, -0.08128, -0.03029, -0.00361, 0.99622
-0.03, 1.17, 0.10, -0.08111, -0.03041, -0.00405, 0.99623
-0.03, 1.17, 0.10, -0.08080, -0.03058, -0.00435, 0.99625
-0.03, 1.17, 0.10, -0.08039, -0.03051, -0.00447, 0.99629
-0.03, 1.17, 0.10, -0.08000, -0.03059, -0.00451, 0.99631
-0.03, 1.17, 0.10, -0.07980, -0.03062, -0.00457, 0.99633
-0.03, 1.17, 0.10, -0.07962, -0.03066, -0.00432, 0.99634
-0.03, 1.17, 0.10, -0.07946, -0.03049, -0.00342, 0.99637
-0.03, 1.17, 0.10, -0.07885, -0.03044, -0.00217, 0.99642
-0.03, 1.17, 0.10, -0.07850, -0.03002, -0.00108, 0.99646
-0.03, 1.17, 0.10, -0.07822, -0.02984, 0.00003, 0.99649
-0.03, 1.17, 0.10, -0.07777, -0.02974, 0.00110, 0.99653
-0.03, 1.17, 0.10, -0.07718, -0.02943, 0.00229, 0.99658
-0.03, 1.17, 0.10, -0.07654, -0.02918, 0.00358, 0.99663
-0.03, 1.17, 0.10, -0.07564, -0.02886, 0.00455, 0.99671
-0.03, 1.17, 0.10, -0.07496, -0.02845, 0.00499, 0.99677
-0.03, 1.17, 0.10, -0.07474, -0.02791, 0.00535, 0.99680
-0.03, 1.17, 0.10, -0.07444, -0.02760, 0.00550, 0.99683
-0.03, 1.17, 0.10, -0.07450, -0.02714, 0.00491, 0.99684
-0.03, 1.17, 0.10, -0.07476, -0.02703, 0.00454, 0.99682
-0.03, 1.17, 0.10, -0.07525, -0.02665, 0.00425, 0.99680
-0.03, 1.17, 0.10, -0.07596, -0.02634, 0.00418, 0.99675
-0.03, 1.17, 0.10, -0.07697, -0.02604, 0.00420, 0.99668
-0.03, 1.17, 0.10, -0.07809, -0.02572, 0.00447, 0.99660
-0.03, 1.17, 0.10, -0.07912, -0.02549, 0.00466, 0.99653
-0.03, 1.17, 0.10, -0.08002, -0.02530, 0.00502, 0.99646
-0.03, 1.17, 0.10, -0.08050, -0.02515, 0.00536, 0.99642
-0.03, 1.17, 0.10, -0.08093, -0.02516, 0.00573, 0.99639
-0.03, 1.17, 0.10, -0.08092, -0.02505, 0.00586, 0.99639
-0.03, 1.17, 0.10, -0.08075, -0.02501, 0.00608, 0.99640
-0.03, 1.17, 0.10, -0.08039, -0.02496, 0.00595, 0.99643
-0.03, 1.17, 0.10, -0.07994, -0.02492, 0.00578, 0.99647
-0.03, 1.17, 0.10, -0.07909, -0.02511, 0.00535, 0.99654
-0.03, 1.17, 0.10, -0.07835, -0.02522, 0.00519, 0.99659
-0.03, 1.17, 0.10, -0.07779, -0.02523, 0.00518, 0.99664
-0.03, 1.17, 0.10, -0.07726, -0.02533, 0.00522, 0.99668
-0.03, 1.17, 0.10, -0.07670, -0.02530, 0.00545, 0.99672
-0.03, 1.17, 0.10, -0.07631, -0.02506, 0.00530, 0.99676
-0.03, 1.17, 0.10, -0.07590, -0.02493, 0.00513, 0.99679
-0.03, 1.17, 0.10, -0.07571, -0.02455, 0.00499, 0.99682
-0.03, 1.17, 0.10, -0.07561, -0.02432, 0.00486, 0.99683
-0.03, 1.17, 0.10, -0.07534, -0.02391, 0.00480, 0.99686
-0.03, 1.17, 0.10, -0.07535, -0.02365, 0.00492, 0.99686
-0.03, 1.17, 0.10, -0.07532, -0.02328, 0.00489, 0.99688
-0.03, 1.17, 0.10, -0.07534, -0.02296, 0.00477, 0.99688
-0.03, 1.17, 0.10, -0.07563, -0.02243, 0.00459, 0.99687
-0.03, 1.17, 0.10, -0.07577, -0.02193, 0.00454, 0.99687
-0.03, 1.17, 0.10, -0.07611, -0.02048, 0.00428, 0.99688
-0.03, 1.17, 0.10, -0.07639, -0.01995, 0.00390, 0.99687
-0.03, 1.17, 0.10, -0.07635, -0.01967, 0.00357, 0.99688
-0.03, 1.17, 0.10, -0.07644, -0.01928, 0.00326, 0.99688
-0.03, 1.17, 0.10, -0.07633, -0.01887, 0.00314, 0.99690
-0.03, 1.17, 0.10, -0.07607, -0.01859, 0.00272, 0.99693
-0.03, 1.17, 0.10, -0.07597, -0.01805, 0.00225, 0.99694
-0.03, 1.17, 0.10, -0.07577, -0.01771, 0.00153, 0.99697
-0.03, 1.17, 0.10, -0.07519, -0.01734, 0.00053, 0.99702
-0.03, 1.17, 0.10, -0.07465, -0.01724, -0.00013, 0.99706
-0.03, 1.17, 0.10, -0.07397, -0.01675, -0.00065, 0.99712
-0.02, 1.17, 0.10, -0.07321, -0.01638, -0.00101, 0.99718
-0.02, 1.16, 0.10, -0.07271, -0.01591, -0.00120, 0.99723
0.00, 0.00, 0.00, 0.00000, 0.00000, 0.00000, 1.00000
