0.00, 0.00, 0.00, 0.00000, 0.00000, 0.00000, 1.00000
0.00, 0.00, 0.00, 0.00000, 0.00000, 0.00000, 1.00000
0.00, 0.00, 0.00, 0.00000, 0.00000, 0.00000, 1.00000
0.00, 0.00, 0.00, 0.00000, 0.00000, 0.00000, 1.00000
0.00, 0.00, 0.00, 0.00000, 0.00000, 0.00000, 1.00000
0.00, 0.00, 0.00, 0.00000, 0.00000, 0.00000, 1.00000
0.00, 0.00, 0.00, 0.00000, 0.00000, 0.00000, 1.00000
0.00, 0.00, 0.00, 0.00000, 0.00000, 0.00000, 1.00000
0.00, 0.00, 0.00, 0.00000, 0.00000, 0.00000, 1.00000
0.00, 0.00, 0.00, 0.00000, 0.00000, 0.00000, 1.00000
0.00, 0.00, 0.00, 0.00000, 0.00000, 0.00000, 1.00000
0.00, 0.00, 0.00, 0.00000, 0.00000, 0.00000, 1.00000
0.00, 0.00, 0.00, 0.00000, 0.00000, 0.00000, 1.00000
0.00, 0.00, 0.00, 0.00000, 0.00000, 0.00000, 1.00000
0.00, 0.00, 0.00, 0.00000, 0.00000, 0.00000, 1.00000
0.00, 0.00, 0.00, 0.00000, 0.00000, 0.00000, 1.00000
0.00, 0.00, 0.00, 0.00000, 0.00000, 0.00000, 1.00000
0.00, 0.00, 0.00, 0.00000, 0.00000, 0.00000, 1.00000
0.00, 0.00, 0.00, 0.00000, 0.00000, 0.00000, 1.00000
0.00, 0.00, 0.00, 0.00000, 0.00000, 0.00000, 1.00000
0.00, 0.00, 0.00, 0.00000, 0.00000, 0.00000, 1.00000
0.00, 0.00, 0.00, 0.00000, 0.00000, 0.00000, 1.00000
0.00, 0.00, 0.00, 0.00000, 0.00000, 0.00000, 1.00000
0.00, 0.00, 0.00, 0.00000, 0.00000, 0.00000, 1.00000
0.00, 0.00, 0.00, 0.00000, 0.00000, 0.00000, 1.00000
0.00, 0.00, 0.00, 0.00000, 0.00000, 0.00000, 1.00000
0.00, 0.00, 0.00, 0.00000, 0.00000, 0.00000, 1.00000
0.00, 0.00, 0.00, 0.00000, 0.00000, 0.00000, 1.00000
0.00, 0.00, 0.00, 0.00000, 0.00000, 0.00000, 1.00000
0.00, 0.00, 0.00, 0.00000, 0.00000, 0.00000, 1.00000
0.00, 0.00, 0.00, 0.00000, 0.00000, 0.00000, 1.00000
0.00, 0.00, 0.00, 0.00000, 0.00000, 0.00000, 1.00000
0.00, 0.00, 0.00, 0.00000, 0.00000, 0.00000, 1.00000
0.00, 0.00, 0.00, 0.00000, 0.00000, 0.00000, 1.00000
0.00, 0.00, 0.00, 0.00000, 0.00000, 0.00000, 1.00000
0.00, 0.00, 0.00, 0.00000, 0.00000, 0.00000, 1.00000
0.00, 0.00, 0.00, 0.00000, 0.00000, 0.00000, 1.00000
0.00, 0.00, 0.00, 0.00000, 0.00000, 0.00000, 1.00000
0.00, 0.00, 0.00, 0.00000, 0.00000, 0.00000, 1.00000
0.00, 0.00, 0.00, 0.00000, 0.00000, 0.00000, 1.00000
0.00, 0.00, 0.00, 0.00000, 0.00000, 0.00000, 1.00000
0.00, 0.00, 0.00, 0.00000, 0.00000, 0.00000, 1.00000
0.00, 0.00, 0.00, 0.00000, 0.00000, 0.00000, 1.00000
0.00, 0.00, 0.00, 0.00000, 0.00000, 0.00000, 1.00000
0.00, 0.00, 0.00, 0.00000, 0.00000, 0.00000, 1.00000
0.00, 0.00, 0.00, 0.00000, 0.00000, 0.00000, 1.00000
0.00, 0.00, 0.00, 0.00000, 0.00000, 0.00000, 1.00000
0.00, 0.00, 0.00, 0.00000, 0.00000, 0.00000, 1.00000
0.00, 0.00, 0.00, 0.00000, 0.00000, 0.00000, 1.00000
0.00, 0.00, 0.00, 0.00000, 0.00000, 0.00000, 1.00000
0.00, 0.00, 0.00, 0.00000, 0.00000, 0.00000, 1.00000
0.00, 0.00, 0.00, 0.00000, 0.00000, 0.00000, 1.00000
0.00, 0.00, 0.00, 0.00000, 0.00000, 0.00000, 1.00000
0.00, 0.00, 0.00, 0.00000, 0.00000, 0.00000, 1.00000
0.00, 0.00, 0.00, 0.00000, 0.00000, 0.00000, 1.00000
0.00, 0.00, 0.00, 0.00000, 0.00000, 0.00000, 1.00000
0.00, 0.00, 0.00, 0.00000, 0.00000, 0.00000, 1.00000
0.00, 0.00, 0.00, 0.00000, 0.00000, 0.00000, 1.00000
0.00, 0.00, 0.00, 0.00000, 0.00000, 0.00000, 1.00000
0.00, 0.00, 0.00, 0.00000, 0.00000, 0.00000, 1.00000
0.00, 0.00, 0.00, 0.00000, 0.00000, 0.00000, 1.00000
0.00, 0.00, 0.00, 0.00000, 0.00000, 0.00000, 1.00000
0.01, 1.14, 0.12, 0.04878, 0.10006, 0.00347, 0.99378
0.01, 1.14, 0.12, 0.04886, 0.10000, 0.00343, 0.99378
0.01, 1.14, 0.12, 0.04875, 0.09980, 0.00344, 0.99381
0.01, 1.14, 0.12, 0.04905, 0.09979, 0.00339, 0.99379
0.01, 1.14, 0.12, 0.04937, 0.09976, 0.00328, 0.99378
0.01, 1.14, 0.12, 0.04972, 0.09984, 0.00315, 0.99376
0.01, 1.14, 0.12, 0.04975, 0.09991, 0.00314, 0.99375
0.01, 1.14, 0.12, 0.04987, 0.09993, 0.00315, 0.99374
0.01, 1.14, 0.12, 0.04991, 0.09995, 0.00302, 0.99373
0.01, 1.14, 0.12, 0.04984, 0.10000, 0.00299, 0.99373
0.01, 1.14, 0.12, 0.04974, 0.10005, 0.00287, 0.99373
0.01, 1.14, 0.12, 0.04965, 0.10018, 0.00296, 0.99373
0.01, 1.14, 0.12, 0.04953, 0.10021, 0.00299, 0.99373
0.01, 1.14, 0.12, 0.04936, 0.10031, 0.00313, 0.99373
0.01, 1.14, 0.12, 0.04922, 0.10042, 0.00328, 0.99372
0.01, 1.14, 0.12, 0.04909, 0.10041, 0.00332, 0.99373
0.01, 1.14, 0.12, 0.04886, 0.10058, 0.00344, 0.99372
0.01, 1.14, 0.12, 0.04881, 0.10047, 0.00357, 0.99374
0.01, 1.14, 0.12, 0.04876, 0.10048, 0.00356, 0.99374
0.01, 1.14, 0.12, 0.04876, 0.10047, 0.00359, 0.99374
0.01, 1.14, 0.12, 0.04879, 0.10043, 0.00358, 0.99374
0.01, 1.14, 0.12, 0.04893, 0.10040, 0.00352, 0.99374
0.01, 1.14, 0.12, 0.04910, 0.10027, 0.00350, 0.99374
0.01, 1.14, 0.12, 0.04920, 0.10024, 0.00354, 0.99374
0.01, 1.14, 0.12, 0.04930, 0.10014, 0.00352, 0.99375
0.01, 1.14, 0.12, 0.04929, 0.10007, 0.00339, 0.99375
0.01, 1.14, 0.12, 0.04929, 0.10000, 0.00319, 0.99376
0.01, 1.14, 0.12, 0.04928, 0.10011, 0.00273, 0.99375
0.01, 1.14, 0.12, 0.04941, 0.10021, 0.00263, 0.99374
0.01, 1.14, 0.12, 0.04946, 0.10045, 0.00260, 0.99371
0.01, 1.14, 0.12, 0.04958, 0.10042, 0.00277, 0.99371
0.01, 1.14, 0.12, 0.04963, 0.10051, 0.00300, 0.99369
0.01, 1.14, 0.12, 0.04969, 0.10047, 0.00332, 0.99369
0.01, 1.14, 0.12, 0.04965, 0.10058, 0.00342, 0.99368
0.01, 1.14, 0.12, 0.04959, 0.10058, 0.00349, 0.99369
0.01, 1.14, 0.12, 0.04936, 0.10066, 0.00354, 0.99369
0.01, 1.14, 0.12, 0.04911, 0.10067, 0.00351, 0.99370
0.01, 1.14, 0.12, 0.04892, 0.10062, 0.00340, 0.99372
0.01, 1.14, 0.12, 0.04882, 0.10059, 0.00342, 0.99372
0.01, 1.14, 0.12, 0.04870, 0.10057, 0.00342, 0.99373
0.01, 1.14, 0.12, 0.04876, 0.10045, 0.00343, 0.99374
0.01, 1.14, 0.12, 0.04880, 0.10030, 0.00338, 0.99375
0.01, 1.14, 0.12, 0.04891, 0.10028, 0.00336, 0.99375
0.01, 1.14, 0.12, 0.04906, 0.10023, 0.00323, 0.99375
0.01, 1.14, 0.12, 0.04922, 0.10017, 0.00323, 0.99375
0.01, 1.14, 0.12, 0.04926, 0.10016, 0.00321, 0.99375
0.01, 1.14, 0.12, 0.04935, 0.10013, 0.00320, 0.99374
0.01, 1.14, 0.12, 0.04947, 0.10010, 0.00303, 0.99374
0.01, 1.14, 0.12, 0.04953, 0.10012, 0.00282, 0.99374
0.01, 1.14, 0.12, 0.04964, 0.10024, 0.00265, 0.99372
0.01, 1.14, 0.12, 0.04965, 0.10029, 0.00263, 0.99372
0.01, 1.14, 0.12, 0.04952, 0.10036, 0.00277, 0.99371
0.01, 1.14, 0.12, 0.04943, 0.10040, 0.00300, 0.99371
0.01, 1.14, 0.12, 0.04930, 0.10044, 0.00316, 0.99372
0.01, 1.14, 0.12, 0.04917, 0.10048, 0.00334, 0.99372
0.01, 1.14, 0.12, 0.04911, 0.10058, 0.00332, 0.99371
0.01, 1.14, 0.12, 0.04898, 0.10065, 0.00336, 0.99371
0.01, 1.14, 0.12, 0.04896, 0.10066, 0.00336, 0.99371
0.01, 1.14, 0.12, 0.04887, 0.10063, 0.00337, 0.99372
0.01, 1.14, 0.12, 0.04890, 0.10066, 0.00339, 0.99371
0.01, 1.14, 0.12, 0.04894, 0.10049, 0.00330, 0.99373
0.01, 1.14, 0.12, 0.04906, 0.10047, 0.00329, 0.99372
0.01, 1.14, 0.12, 0.04920, 0.10038, 0.00321, 0.99373
0.01, 1.14, 0.12, 0.04939, 0.10032, 0.00318, 0.99372
0.01, 1.14, 0.12, 0.04951, 0.10023, 0.00314, 0.99373
0.01, 1.14, 0.12, 0.04963, 0.10019, 0.00305, 0.99372
0.01, 1.14, 0.12, 0.04968, 0.10015, 0.00302, 0.99373
0.01, 1.14, 0.12, 0.04968, 0.10012, 0.00291, 0.99373
0.01, 1.14, 0.12, 0.04966, 0.10010, 0.00281, 0.99373
0.01, 1.14, 0.12, 0.04951, 0.10016, 0.00275, 0.99373
0.01, 1.14, 0.12, 0.04931, 0.10016, 0.00270, 0.99374
0.01, 1.14, 0.12, 0.04915, 0.10016, 0.00267, 0.99375
0.01, 1.14, 0.12, 0.04896, 0.10015, 0.00271, 0.99376
0.01, 1.14, 0.12, 0.04888, 0.10021, 0.00287, 0.99376
0.01, 1.14, 0.12, 0.04882, 0.10024, 0.00300, 0.99376
0.01, 1.14, 0.12, 0.04883, 0.10027, 0.00305, 0.99376
0.01, 1.14, 0.12, 0.04888, 0.10026, 0.00321, 0.99376
0.01, 1.14, 0.12, 0.04906, 0.10022, 0.00313, 0.99375
0.01, 1.14, 0.12, 0.04918, 0.10013, 0.00312, 0.99375
0.01, 1.14, 0.12, 0.04935, 0.10008, 0.00314, 0.99375
0.01, 1.14, 0.12, 0.04953, 0.10009, 0.00301, 0.99374
0.01, 1.14, 0.12, 0.04962, 0.10008, 0.00283, 0.99374
0.01, 1.14, 0.12, 0.04964, 0.10007, 0.00276, 0.99374
0.01, 1.14, 0.12, 0.04962, 0.10004, 0.00276, 0.99374
0.01, 1.14, 0.12, 0.04963, 0.09994, 0.00282, 0.99375
0.01, 1.14, 0.12, 0.04949, 0.09992, 0.00281, 0.99376
0.01, 1.14, 0.12, 0.04940, 0.09985, 0.00278, 0.99377
0.01, 1.14, 0.12, 0.04927, 0.09990, 0.00260, 0.99377
0.01, 1.14, 0.12, 0.04929, 0.09989, 0.00247, 0.99377
0.01, 1.14, 0.12, 0.04929, 0.09996, 0.00238, 0.99377
0.01, 1.14, 0.12, 0.04931, 0.10000, 0.00254, 0.99376
0.01, 1.14, 0.12, 0.04929, 0.10004, 0.00277, 0.99376
0.01, 1.14, 0.12, 0.04938, 0.09994, 0.00297, 0.99376
0.01, 1.14, 0.12, 0.04951, 0.09984, 0.00302, 0.99377
0.01, 1.14, 0.12, 0.04960, 0.09977, 0.00307, 0.99377
0.01, 1.14, 0.12, 0.04960, 0.09966, 0.00301, 0.99378
0.01, 1.14, 0.12, 0.04968, 0.09958, 0.00299, 0.99378
0.01, 1.14, 0.12, 0.04961, 0.09943, 0.00290, 0.99380
0.01, 1.14, 0.12, 0.04965, 0.09933, 0.00278, 0.99381
0.01, 1.14, 0.12, 0.04954, 0.09925, 0.00264, 0.99383
0.01, 1.14, 0.12, 0.04941, 0.09912, 0.00254, 0.99384
0.01, 1.14, 0.12, 0.04941, 0.09904, 0.00249, 0.99385
0.01, 1.14, 0.12, 0.04938, 0.09900, 0.00247, 0.99386
0.01, 1.14, 0.12, 0.04939, 0.09902, 0.00247, 0.99386
0.01, 1.14, 0.12, 0.04946, 0.09910, 0.00259, 0.99384
0.01, 1.14, 0.12, 0.04959, 0.09918, 0.00273, 0.99383
0.01, 1.14, 0.12, 0.04963, 0.09918, 0.00282, 0.99383
0.01, 1.14, 0.12, 0.04966, 0.09920, 0.00290, 0.99382
0.01, 1.14, 0.12, 0.04967, 0.09927, 0.00284, 0.99382
0.01, 1.14, 0.12, 0.04969, 0.09937, 0.00276, 0.99381
0.01, 1.14, 0.12, 0.04974, 0.09939, 0.00263, 0.99380
0.01, 1.14, 0.12, 0.04974, 0.09941, 0.00269, 0.99380
0.01, 1.14, 0.12, 0.04973, 0.09942, 0.00264, 0.99380
0.01, 1.14, 0.12, 0.04974, 0.09936, 0.00271, 0.99380
0.01, 1.14, 0.12, 0.04979, 0.09939, 0.00278, 0.99380
0.01, 1.14, 0.12, 0.04980, 0.09937, 0.00286, 0.99380
0.01, 1.14, 0.12, 0.04985, 0.09929, 0.00291, 0.99380
0.01, 1.14, 0.12, 0.04983, 0.09922, 0.00298, 0.99381
0.01, 1.14, 0.12, 0.04985, 0.09915, 0.00298, 0.99382
0.01, 1.14, 0.12, 0.04985, 0.09903, 0.00294, 0.99383
0.01, 1.14, 0.12, 0.04988, 0.09898, 0.00291, 0.99383
0.01, 1.14, 0.12, 0.04983, 0.09894, 0.00283, 0.99384
0.01, 1.14, 0.12, 0.04983, 0.09884, 0.00275, 0.99385
0.01, 1.14, 0.12, 0.04984, 0.09880, 0.00271, 0.99385
0.01, 1.14, 0.12, 0.04984, 0.09882, 0.00273, 0.99385
0.01, 1.14, 0.12, 0.04985, 0.09872, 0.00273, 0.99386
0.01, 1.14, 0.12, 0.04990, 0.09875, 0.00274, 0.99386
0.01, 1.14, 0.12, 0.04990, 0.09882, 0.00276, 0.99385
0.01, 1.14, 0.12, 0.04991, 0.09880, 0.00281, 0.99385
0.01, 1.14, 0.12, 0.04991, 0.09887, 0.00282, 0.99384
0.01, 1.14, 0.12, 0.04993, 0.09890, 0.00296, 0.99384
0.01, 1.14, 0.12, 0.04992, 0.09894, 0.00297, 0.99384
0.01, 1.14, 0.12, 0.05000, 0.09897, 0.00299, 0.99383
0.01, 1.14, 0.12, 0.05006, 0.09903, 0.00295, 0.99382
0.01, 1.14, 0.12, 0.05009, 0.09897, 0.00295, 0.99382
0.01, 1.14, 0.12, 0.05018, 0.09899, 0.00293, 0.99382
0.01, 1.14, 0.12, 0.05026, 0.09902, 0.00295, 0.99381
0.01, 1.14, 0.12, 0.05034, 0.09897, 0.00294, 0.99381
0.01, 1.14, 0.12, 0.05041, 0.09896, 0.00304, 0.99381
0.01, 1.14, 0.12, 0.05044, 0.09898, 0.00311, 0.99381
0.01, 1.14, 0.12, 0.05035, 0.09894, 0.00304, 0.99381
0.01, 1.14, 0.12, 0.05031, 0.09888, 0.00295, 0.99382
0.01, 1.14, 0.12, 0.05016, 0.09881, 0.00306, 0.99384
0.01, 1.14, 0.12, 0.05000, 0.09872, 0.00324, 0.99385
0.01, 1.14, 0.12, 0.04989, 0.09860, 0.00322, 0.99387
0.01, 1.14, 0.12, 0.04971, 0.09852, 0.00314, 0.99389
0.01, 1.14, 0.12, 0.04963, 0.09831, 0.00291, 0.99391
0.01, 1.14, 0.12, 0.04961, 0.09838, 0.00284, 0.99391
0.01, 1.14, 0.12, 0.04977, 0.09840, 0.00274, 0.99390
0.01, 1.14, 0.12, 0.05001, 0.09843, 0.00284, 0.99388
0.01, 1.14, 0.12, 0.05017, 0.09831, 0.00298, 0.99389
0.01, 1.14, 0.12, 0.05043, 0.09794, 0.00310, 0.99391
0.01, 1.14, 0.12, 0.05050, 0.09792, 0.00304, 0.99391
0.01, 1.14, 0.12, 0.05032, 0.09767, 0.00295, 0.99394
0.01, 1.14, 0.12, 0.05036, 0.09733, 0.00285, 0.99397
0.01, 1.14, 0.12, 0.05013, 0.09734, 0.00278, 0.99398
0.01, 1.14, 0.12, 0.04982, 0.09718, 0.00258, 0.99402
0.01, 1.14, 0.12, 0.04980, 0.09705, 0.00262, 0.99403
0.01, 1.14, 0.12, 0.04980, 0.09684, 0.00265, 0.99405
0.01, 1.14, 0.12, 0.04982, 0.09667, 0.00267, 0.99407
0.01, 1.14, 0.12, 0.04986, 0.09669, 0.00292, 0.99406
0.01, 1.14, 0.12, 0.04988, 0.09663, 0.00283, 0.99407
0.01, 1.14, 0.12, 0.05000, 0.09671, 0.00288, 0.99405
0.01, 1.14, 0.12, 0.05019, 0.09673, 0.00296, 0.99404
0.01, 1.14, 0.12, 0.05027, 0.09678, 0.00300, 0.99403
0.01, 1.14, 0.12, 0.05033, 0.09682, 0.00317, 0.99402
0.01, 1.14, 0.12, 0.05030, 0.09691, 0.00316, 0.99402
0.01, 1.14, 0.12, 0.05027, 0.09703, 0.00302, 0.99401
0.01, 1.14, 0.12, 0.05021, 0.09716, 0.00290, 0.99400
0.01, 1.14, 0.12, 0.05019, 0.09738, 0.00287, 0.99398
0.01, 1.14, 0.12, 0.05015, 0.09750, 0.00295, 0.99397
0.01, 1.14, 0.12, 0.05013, 0.09754, 0.00311, 0.99396
0.01, 1.14, 0.12, 0.05017, 0.09760, 0.00322, 0.99395
0.01, 1.14, 0.12, 0.05018, 0.09764, 0.00330, 0.99395
0.01, 1.14, 0.12, 0.05016, 0.09767, 0.00323, 0.99395
0.01, 1.14, 0.12, 0.05017, 0.09763, 0.00314, 0.99395
0.01, 1.14, 0.12, 0.05026, 0.09758, 0.00297, 0.99395
0.01, 1.14, 0.12, 0.05023, 0.09756, 0.00287, 0.99396
0.01, 1.14, 0.12, 0.05026, 0.09754, 0.00273, 0.99396
0.01, 1.14, 0.12, 0.05028, 0.09744, 0.00270, 0.99397
0.01, 1.14, 0.12, 0.05028, 0.09743, 0.00268, 0.99397
0.01, 1.14, 0.12, 0.05029, 0.09745, 0.00276, 0.99397
0.01, 1.14, 0.12, 0.05028, 0.09744, 0.00282, 0.99397
0.01, 1.14, 0.12, 0.05011, 0.09750, 0.00295, 0.99397
0.01, 1.14, 0.12, 0.05003, 0.09751, 0.00302, 0.99397
0.01, 1.14, 0.12, 0.04997, 0.09747, 0.00313, 0.99398
0.01, 1.14, 0.12, 0.04994, 0.09750, 0.00322, 0.99398
0.01, 1.14, 0.12, 0.04995, 0.09747, 0.00323, 0.99398
0.01, 1.14, 0.12, 0.04988, 0.09749, 0.00321, 0.99398
0.01, 1.14, 0.12, 0.04998, 0.09751, 0.00318, 0.99397
0.01, 1.14, 0.12, 0.05005, 0.09753, 0.00309, 0.99397
0.01, 1.14, 0.12, 0.05018, 0.09743, 0.00296, 0.99397
0.01, 1.14, 0.12, 0.05030, 0.09747, 0.00305, 0.99396
0.01, 1.14, 0.12, 0.05042, 0.09755, 0.00301, 0.99395
0.01, 1.14, 0.12, 0.05050, 0.09750, 0.00300, 0.99395
0.01, 1.14, 0.12, 0.05051, 0.09749, 0.00296, 0.99395
0.01, 1.14, 0.12, 0.05052, 0.09755, 0.00302, 0.99394
0.01, 1.14, 0.12, 0.05035, 0.09765, 0.00294, 0.99394
0.01, 1.14, 0.12, 0.05028, 0.09768, 0.00293, 0.99394
0.01, 1.14, 0.12, 0.05020, 0.09765, 0.00285, 0.99395
0.01, 1.14, 0.12, 0.05002, 0.09772, 0.00300, 0.99395
0.01, 1.14, 0.12, 0.04994, 0.09771, 0.00308, 0.99396
0.01, 1.14, 0.12, 0.04992, 0.09762, 0.00312, 0.99397
0.01, 1.14, 0.12, 0.04989, 0.09763, 0.00305, 0.99397
0.01, 1.14, 0.12, 0.04978, 0.09759, 0.00291, 0.99398
0.01, 1.14, 0.12, 0.04979, 0.09770, 0.00270, 0.99397
0.01, 1.14, 0.12, 0.05000, 0.09768, 0.00252, 0.99396
0.01, 1.14, 0.12, 0.05022, 0.09774, 0.00258, 0.99394
0.01, 1.14, 0.12, 0.05033, 0.09769, 0.00272, 0.99394
0.01, 1.14, 0.12, 0.05058, 0.09766, 0.00282, 0.99393
0.01, 1.14, 0.12, 0.05089, 0.09748, 0.00268, 0.99393
0.01, 1.14, 0.12, 0.05084, 0.09736, 0.00236, 0.99395
0.01, 1.14, 0.12, 0.05109, 0.09718, 0.00212, 0.99395
0.01, 1.14, 0.12, 0.05090, 0.09710, 0.00186, 0.99397
0.01, 1.14, 0.12, 0.05066, 0.09709, 0.00166, 0.99398
0.01, 1.14, 0.12, 0.05035, 0.09682, 0.00141, 0.99403
0.01, 1.14, 0.12, 0.04980, 0.09668, 0.00143, 0.99407
0.01, 1.14, 0.12, 0.04955, 0.09664, 0.00140, 0.99408
0.01, 1.14, 0.12, 0.04932, 0.09657, 0.00131, 0.99410
0.01, 1.14, 0.12, 0.04921, 0.09654, 0.00135, 0.99411
0.01, 1.14, 0.12, 0.04905, 0.09656, 0.00151, 0.99412
0.01, 1.14, 0.12, 0.04887, 0.09654, 0.00152, 0.99413
0.01, 1.14, 0.12, 0.04886, 0.09657, 0.00166, 0.99412
0.01, 1.14, 0.12, 0.04894, 0.09655, 0.00171, 0.99412
0.01, 1.14, 0.12, 0.04890, 0.09661, 0.00189, 0.99412
0.01, 1.14, 0.12, 0.04880, 0.09661, 0.00198, 0.99412
0.01, 1.14, 0.12, 0.04862, 0.09647, 0.00187, 0.99415
0.01, 1.14, 0.12, 0.04847, 0.09635, 0.00172, 0.99417
0.01, 1.14, 0.12, 0.04848, 0.09592, 0.00167, 0.99421
0.01, 1.14, 0.12, 0.04831, 0.09540, 0.00166, 0.99426
0.01, 1.14, 0.12, 0.04816, 0.09450, 0.00182, 0.99436
0.01, 1.14, 0.12, 0.04725, 0.09309, 0.00236, 0.99453
0.01, 1.14, 0.12, 0.04563, 0.09155, 0.00282, 0.99475
0.01, 1.14, 0.12, 0.04338, 0.08967, 0.00289, 0.99502
0.01, 1.14, 0.12, 0.03978, 0.08766, 0.00292, 0.99535
0.01, 1.14, 0.12, 0.03595, 0.08529, 0.00263, 0.99570
0.01, 1.15, 0.11, 0.03203, 0.08236, 0.00212, 0.99609
0.01, 1.15, 0.11, 0.02825, 0.07876, 0.00118, 0.99649
0.01, 1.15, 0.11, 0.02528, 0.07452, 0.00017, 0.99690
0.01, 1.15, 0.11, 0.02310, 0.07059, -0.00040, 0.99724
0.01, 1.15, 0.11, 0.02079, 0.06635, -0.00090, 0.99758
0.01, 1.15, 0.11, 0.01882, 0.06203, -0.00102, 0.99790
0.01, 1.15, 0.11, 0.01733, 0.05764, -0.00130, 0.99819
0.01, 1.15, 0.11, 0.01556, 0.05360, -0.00177, 0.99844
0.01, 1.15, 0.11, 0.01328, 0.04886, -0.00198, 0.99872
0.01, 1.15, 0.11, 0.01084, 0.04405, -0.00219, 0.99897
0.01, 1.15, 0.11, 0.00975, 0.03898, -0.00108, 0.99919
0.00, 1.15, 0.11, 0.00602, 0.03484, -0.00083, 0.99937
0.00, 1.15, 0.11, 0.00362, 0.03056, 0.00050, 0.99953
0.00, 1.15, 0.11, 0.00032, 0.02662, 0.00110, 0.99964
0.00, 1.15, 0.11, -0.00302, 0.02288, 0.00144, 0.99973
0.00, 1.15, 0.11, -0.00625, 0.01882, 0.00209, 0.99980
0.00, 1.15, 0.10, -0.00942, 0.01499, 0.00264, 0.99984
0.00, 1.15, 0.10, -0.01149, 0.01112, 0.00266, 0.99987
0.00, 1.15, 0.10, -0.01344, 0.00713, 0.00158, 0.99988
0.00, 1.15, 0.10, -0.01620, 0.00258, 0.00014, 0.99987
0.00, 1.15, 0.10, -0.01767, -0.00263, -0.00198, 0.99984
0.00, 1.15, 0.10, -0.01862, -0.00824, -0.00423, 0.99978
0.00, 1.15, 0.10, -0.01894, -0.01428, -0.00661, 0.99970
0.00, 1.15, 0.10, -0.01860, -0.02068, -0.00826, 0.99958
0.00, 1.15, 0.10, -0.01819, -0.02708, -0.00937, 0.99942
0.00, 1.15, 0.10, -0.01793, -0.03433, -0.01001, 0.99920
0.00, 1.15, 0.10, -0.01701, -0.04165, -0.00840, 0.99895
0.00, 1.15, 0.10, -0.01846, -0.04886, -0.00942, 0.99859
-0.01, 1.15, 0.10, -0.01690, -0.05755, -0.01136, 0.99814
-0.01, 1.15, 0.11, -0.01660, -0.06609, -0.01396, 0.99758
-0.01, 1.15, 0.11, -0.01561, -0.07545, -0.01648, 0.99689
-0.01, 1.15, 0.11, -0.01512, -0.08486, -0.01801, 0.99612
-0.01, 1.15, 0.11, -0.01545, -0.09425, -0.01827, 0.99526
-0.01, 1.15, 0.11, -0.01517, -0.10354, -0.01861, 0.99434
-0.01, 1.15, 0.11, -0.01432, -0.11348, -0.01951, 0.99325
-0.01, 1.15, 0.11, -0.01392, -0.12436, -0.02052, 0.99193
-0.01, 1.15, 0.11, -0.01334, -0.13571, -0.02182, 0.99042
-0.02, 1.15, 0.11, -0.01240, -0.14781, -0.02345, 0.98866
-0.02, 1.15, 0.11, -0.01220, -0.16107, -0.02538, 0.98654
-0.02, 1.15, 0.11, -0.01218, -0.17413, -0.02688, 0.98428
-0.02, 1.15, 0.11, -0.01298, -0.18774, -0.02766, 0.98174
-0.02, 1.15, 0.11, -0.01380, -0.20123, -0.02770, 0.97906
-0.02, 1.15, 0.11, -0.01521, -0.21464, -0.02755, 0.97619
-0.02, 1.15, 0.10, -0.01620, -0.22805, -0.02745, 0.97313
-0.02, 1.15, 0.10, -0.01733, -0.24129, -0.02750, 0.96991
-0.03, 1.15, 0.10, -0.01879, -0.25474, -0.02725, 0.96644
-0.03, 1.15, 0.10, -0.02101, -0.26812, -0.02686, 0.96278
-0.03, 1.15, 0.10, -0.02298, -0.28128, -0.02640, 0.95899
-0.03, 1.15, 0.10, -0.02519, -0.29431, -0.02631, 0.95502
-0.03, 1.15, 0.10, -0.02739, -0.30713, -0.02648, 0.95091
-0.03, 1.16, 0.10, -0.02958, -0.31998, -0.02706, 0.94658
-0.03, 1.16, 0.10, -0.03164, -0.33252, -0.02790, 0.94215
-0.03, 1.16, 0.10, -0.03385, -0.34514, -0.02821, 0.93752
-0.04, 1.16, 0.10, -0.03670, -0.35739, -0.02802, 0.93281
-0.04, 1.16, 0.10, -0.04010, -0.36936, -0.02782, 0.92801
-0.04, 1.16, 0.10, -0.04321, -0.38110, -0.02775, 0.92311
-0.04, 1.16, 0.09, -0.04629, -0.39277, -0.02813, 0.91804
-0.04, 1.16, 0.09, -0.04888, -0.40442, -0.02863, 0.91282
-0.04, 1.16, 0.09, -0.05086, -0.41610, -0.02917, 0.90743
-0.04, 1.16, 0.09, -0.05285, -0.42734, -0.02991, 0.90205
-0.04, 1.16, 0.09, -0.05501, -0.43883, -0.03017, 0.89638
-0.04, 1.16, 0.09, -0.05778, -0.45023, -0.03014, 0.89053
-0.05, 1.16, 0.09, -0.06101, -0.46150, -0.02994, 0.88453
-0.05, 1.16, 0.08, -0.06395, -0.47273, -0.02995, 0.87837
-0.05, 1.16, 0.08, -0.06650, -0.48398, -0.02998, 0.87203
-0.05, 1.16, 0.08, -0.06897, -0.49505, -0.02974, 0.86561
-0.05, 1.16, 0.08, -0.07111, -0.50615, -0.02973, 0.85899
-0.05, 1.16, 0.08, -0.07339, -0.51712, -0.02990, 0.85224
-0.05, 1.16, 0.08, -0.07534, -0.52837, -0.03013, 0.84513
-0.05, 1.16, 0.07, -0.07691, -0.53969, -0.03037, 0.83779
-0.05, 1.16, 0.07, -0.07857, -0.55048, -0.03052, 0.83058
-0.05, 1.16, 0.07, -0.07981, -0.56115, -0.03058, 0.82329
-0.05, 1.16, 0.07, -0.08106, -0.57203, -0.03072, 0.81564
-0.05, 1.16, 0.07, -0.08152, -0.58297, -0.03095, 0.80780
-0.05, 1.16, 0.06, -0.08132, -0.59383, -0.03133, 0.79985
-0.06, 1.16, 0.06, -0.08081, -0.60443, -0.03171, 0.79191
-0.06, 1.16, 0.06, -0.07990, -0.61497, -0.03133, 0.78387
-0.06, 1.16, 0.06, -0.07970, -0.62560, -0.03096, 0.77544
-0.06, 1.16, 0.06, -0.07969, -0.63625, -0.03028, 0.76676
-0.06, 1.16, 0.06, -0.07979, -0.64620, -0.02970, 0.75840
-0.06, 1.16, 0.05, -0.08019, -0.65569, -0.02897, 0.75020
-0.06, 1.16, 0.05, -0.08144, -0.66479, -0.02841, 0.74203
-0.06, 1.16, 0.05, -0.08302, -0.67279, -0.02810, 0.73463
-0.06, 1.16, 0.05, -0.08534, -0.68945, -0.02744, 0.71876
-0.06, 1.16, 0.05, -0.08674, -0.69671, -0.02751, 0.71156
-0.06, 1.16, 0.05, -0.08837, -0.70337, -0.02801, 0.70475
-0.06, 1.16, 0.04, -0.08943, -0.70964, -0.02928, 0.69826
-0.06, 1.16, 0.04, -0.09015, -0.71516, -0.03167, 0.69240
-0.06, 1.16, 0.04, -0.09051, -0.71990, -0.03553, 0.68724
-0.06, 1.16, 0.04, -0.09028, -0.72387, -0.04009, 0.68283
-0.06, 1.16, 0.04, -0.09086, -0.72786, -0.04339, 0.67829
-0.06, 1.16, 0.04, -0.09142, -0.73191, -0.04581, 0.67369
-0.06, 1.16, 0.04, -0.09216, -0.73562, -0.04812, 0.66937
-0.06, 1.16, 0.04, -0.09369, -0.73900, -0.04994, 0.66529
-0.06, 1.17, 0.04, -0.09591, -0.74259, -0.05116, 0.66086
-0.06, 1.17, 0.04, -0.09787, -0.74621, -0.05240, 0.65639
-0.06, 1.17, 0.04, -0.09973, -0.74995, -0.05379, 0.65172
-0.06, 1.17, 0.04, -0.10148, -0.75348, -0.05455, 0.64730
-0.06, 1.17, 0.04, -0.10280, -0.75722, -0.05492, 0.64268
-0.06, 1.17, 0.04, -0.10413, -0.76069, -0.05509, 0.63834
-0.06, 1.17, 0.04, -0.10513, -0.76379, -0.05484, 0.63448
-0.06, 1.17, 0.04, -0.10655, -0.76670, -0.05462, 0.63074
-0.06, 1.17, 0.04, -0.10817, -0.76916, -0.05459, 0.62746
-0.05, 1.17, 0.04, -0.10909, -0.77138, -0.05419, 0.62461
-0.05, 1.17, 0.04, -0.10952, -0.77351, -0.05380, 0.62193
-0.05, 1.17, 0.04, -0.10886, -0.77545, -0.05320, 0.61967
-0.05, 1.17, 0.04, -0.10828, -0.77700, -0.05318, 0.61783
-0.05, 1.17, 0.04, -0.10803, -0.77817, -0.05264, 0.61644
-0.05, 1.17, 0.04, -0.10779, -0.77910, -0.05231, 0.61534
-0.05, 1.17, 0.04, -0.10682, -0.77986, -0.05141, 0.61462
-0.05, 1.17, 0.04, -0.10545, -0.78033, -0.05040, 0.61435
-0.05, 1.17, 0.04, -0.10386, -0.78048, -0.04993, 0.61447
-0.05, 1.17, 0.04, -0.10271, -0.78026, -0.04952, 0.61497
-0.05, 1.17, 0.04, -0.10206, -0.77971, -0.04934, 0.61580
-0.05, 1.17, 0.04, -0.10165, -0.77906, -0.04912, 0.61670
-0.05, 1.17, 0.04, -0.10123, -0.77813, -0.04910, 0.61795
-0.05, 1.17, 0.04, -0.10112, -0.77712, -0.04936, 0.61921
-0.05, 1.17, 0.04, -0.10089, -0.77608, -0.04982, 0.62052
-0.05, 1.17, 0.04, -0.10085, -0.77505, -0.05031, 0.62177
-0.05, 1.17, 0.04, -0.10058, -0.77404, -0.05068, 0.62304
-0.05, 1.17, 0.04, -0.10092, -0.77306, -0.05117, 0.62416
-0.05, 1.17, 0.04, -0.10136, -0.77221, -0.05145, 0.62512
-0.05, 1.17, 0.04, -0.10201, -0.77120, -0.05146, 0.62626
-0.05, 1.17, 0.04, -0.10315, -0.77024, -0.05147, 0.62725
-0.05, 1.17, 0.04, -0.10429, -0.76932, -0.05132, 0.62821
-0.05, 1.17, 0.04, -0.10533, -0.76848, -0.05128, 0.62906
-0.05, 1.17, 0.04, -0.10641, -0.76755, -0.05153, 0.62999
-0.05, 1.17, 0.04, -0.10684, -0.76685, -0.05131, 0.63079
-0.05, 1.17, 0.04, -0.10704, -0.76595, -0.05129, 0.63185
-0.05, 1.17, 0.04, -0.10709, -0.76514, -0.05142, 0.63281
-0.05, 1.17, 0.04, -0.10742, -0.76429, -0.05156, 0.63377
-0.05, 1.17, 0.04, -0.10796, -0.76337, -0.05155, 0.63479
-0.05, 1.17, 0.04, -0.10866, -0.76239, -0.05108, 0.63588
-0.05, 1.17, 0.04, -0.10906, -0.76143, -0.05039, 0.63702
-0.05, 1.17, 0.04, -0.10896, -0.76061, -0.04953, 0.63808
-0.05, 1.17, 0.04, -0.10895, -0.75986, -0.04901, 0.63902
-0.05, 1.17, 0.04, -0.10894, -0.75917, -0.04824, 0.63990
-0.05, 1.17, 0.04, -0.10912, -0.75854, -0.04759, 0.64066
-0.05, 1.17, 0.04, -0.10907, -0.75791, -0.04745, 0.64142
-0.05, 1.17, 0.04, -0.10899, -0.75742, -0.04730, 0.64203
-0.05, 1.17, 0.04, -0.10887, -0.75713, -0.04713, 0.64241
-0.05, 1.17, 0.04, -0.10854, -0.75684, -0.04668, 0.64283
-0.05, 1.17, 0.04, -0.10821, -0.75669, -0.04608, 0.64311
-0.05, 1.17, 0.04, -0.10788, -0.75674, -0.04498, 0.64319
-0.05, 1.17, 0.04, -0.10770, -0.75662, -0.04386, 0.64343
-0.04, 1.17, 0.04, -0.10807, -0.75642, -0.04285, 0.64367
-0.04, 1.17, 0.04, -0.10810, -0.75623, -0.04237, 0.64392
-0.04, 1.17, 0.04, -0.10799, -0.75609, -0.04206, 0.64413
-0.04, 1.17, 0.04, -0.10800, -0.75595, -0.04173, 0.64432
-0.04, 1.17, 0.04, -0.10819, -0.75568, -0.04173, 0.64460
-0.04, 1.17, 0.04, -0.10836, -0.75534, -0.04175, 0.64496
-0.04, 1.17, 0.04, -0.10851, -0.75503, -0.04190, 0.64529
-0.04, 1.17, 0.04, -0.10854, -0.75485, -0.04208, 0.64549
-0.04, 1.17, 0.04, -0.10878, -0.75457, -0.04238, 0.64575
-0.04, 1.17, 0.04, -0.10946, -0.75398, -0.04254, 0.64632
-0.04, 1.17, 0.04, -0.11018, -0.75341, -0.04273, 0.64685
-0.04, 1.17, 0.04, -0.11068, -0.75287, -0.04243, 0.64741
-0.04, 1.17, 0.04, -0.11056, -0.75235, -0.04230, 0.64804
-0.04, 1.17, 0.04, -0.11097, -0.75170, -0.04235, 0.64872
-0.04, 1.17, 0.04, -0.11151, -0.75072, -0.04194, 0.64979
-0.04, 1.17, 0.04, -0.11225, -0.74981, -0.04146, 0.65074
-0.04, 1.17, 0.04, -0.11349, -0.74915, -0.04117, 0.65130
-0.04, 1.17, 0.04, -0.11474, -0.74873, -0.04120, 0.65157
-0.04, 1.17, 0.04, -0.11598, -0.74857, -0.04119, 0.65153
-0.04, 1.17, 0.04, -0.11685, -0.74854, -0.04170, 0.65138
-0.04, 1.17, 0.04, -0.11738, -0.74869, -0.04266, 0.65105
-0.04, 1.17, 0.04, -0.11811, -0.74886, -0.04379, 0.65065
-0.04, 1.17, 0.04, -0.11889, -0.74916, -0.04498, 0.65007
-0.04, 1.17, 0.04, -0.11965, -0.74959, -0.04607, 0.64936
-0.04, 1.17, 0.04, -0.12004, -0.74999, -0.04687, 0.64877
-0.04, 1.17, 0.04, -0.12032, -0.75020, -0.04755, 0.64843
-0.04, 1.17, 0.04, -0.12050, -0.75016, -0.04808, 0.64841
-0.04, 1.17, 0.04, -0.12064, -0.74989, -0.04859, 0.64865
-0.04, 1.17, 0.04, -0.12060, -0.74939, -0.04878, 0.64923
-0.04, 1.17, 0.04, -0.12037, -0.74877, -0.04901, 0.64997
-0.04, 1.17, 0.04, -0.11976, -0.74813, -0.04890, 0.65082
-0.04, 1.17, 0.04, -0.11887, -0.74711, -0.04846, 0.65219
-0.04, 1.17, 0.04, -0.11761, -0.74595, -0.04798, 0.65378
-0.04, 1.17, 0.04, -0.11605, -0.74453, -0.04762, 0.65570
-0.04, 1.17, 0.04, -0.11452, -0.74300, -0.04722, 0.65773
-0.04, 1.17, 0.04, -0.11264, -0.74105, -0.04693, 0.66027
-0.04, 1.17, 0.04, -0.11042, -0.73885, -0.04671, 0.66312
-0.04, 1.17, 0.04, -0.10790, -0.73621, -0.04628, 0.66649
-0.04, 1.16, 0.04, -0.10525, -0.73273, -0.04619, 0.67074
-0.04, 1.16, 0.05, -0.10239, -0.72796, -0.04528, 0.67642
-0.04, 1.16, 0.05, -0.10025, -0.72305, -0.04399, 0.68207
-0.04, 1.16, 0.05, -0.09897, -0.71733, -0.04205, 0.68838
-0.04, 1.16, 0.05, -0.09816, -0.71102, -0.03935, 0.69517
-0.04, 1.16, 0.05, -0.09780, -0.70431, -0.03622, 0.70219
-0.04, 1.16, 0.05, -0.09735, -0.69674, -0.03296, 0.70992
-0.04, 1.16, 0.05, -0.09738, -0.68871, -0.02995, 0.71784
-0.04, 1.16, 0.06, -0.09889, -0.67979, -0.02694, 0.72621
-0.04, 1.16, 0.06, -0.10113, -0.67069, -0.02317, 0.73444
-0.04, 1.16, 0.06, -0.10374, -0.66138, -0.01891, 0.74260
-0.04, 1.16, 0.06, -0.10517, -0.65261, -0.01455, 0.75022
-0.04, 1.16, 0.06, -0.10646, -0.64315, -0.01084, 0.75823
-0.04, 1.16, 0.06, -0.10761, -0.63336, -0.00755, 0.76630
-0.04, 1.16, 0.06, -0.10855, -0.62264, -0.00479, 0.77493
-0.04, 1.16, 0.06, -0.10894, -0.61176, -0.00232, 0.78350
-0.04, 1.16, 0.07, -0.10860, -0.60036, 0.00015, 0.79232
-0.04, 1.16, 0.07, -0.10775, -0.58847, 0.00243, 0.80131
-0.04, 1.16, 0.07, -0.10623, -0.57660, 0.00499, 0.81008
-0.04, 1.16, 0.07, -0.10433, -0.56423, 0.00785, 0.81896
-0.04, 1.16, 0.07, -0.10218, -0.55190, 0.01028, 0.82756
-0.04, 1.16, 0.07, -0.09995, -0.53965, 0.01202, 0.83585
-0.04, 1.16, 0.07, -0.09820, -0.52599, 0.01362, 0.84469
-0.04, 1.16, 0.08, -0.09647, -0.51191, 0.01559, 0.85346
-0.04, 1.16, 0.08, -0.09430, -0.49789, 0.01750, 0.86192
-0.04, 1.16, 0.08, -0.09195, -0.48285, 0.01865, 0.87066
-0.04, 1.16, 0.08, -0.08934, -0.46765, 0.01882, 0.87919
-0.04, 1.16, 0.08, -0.08696, -0.45166, 0.01911, 0.88774
-0.04, 1.16, 0.08, -0.08505, -0.43507, 0.01925, 0.89616
-0.04, 1.16, 0.09, -0.08347, -0.41760, 0.01971, 0.90457
-0.04, 1.16, 0.09, -0.08218, -0.39911, 0.02092, 0.91297
-0.04, 1.16, 0.09, -0.08144, -0.38026, 0.02266, 0.92101
-0.04, 1.16, 0.09, -0.08117, -0.36057, 0.02472, 0.92887
-0.04, 1.16, 0.09, -0.08098, -0.33992, 0.02779, 0.93655
-0.04, 1.16, 0.09, -0.08052, -0.31933, 0.03110, 0.94370
-0.03, 1.16, 0.10, -0.07982, -0.29867, 0.03438, 0.95039
-0.03, 1.16, 0.10, -0.07895, -0.27802, 0.03718, 0.95660
-0.03, 1.16, 0.10, -0.07798, -0.25732, 0.03919, 0.96238
-0.03, 1.16, 0.10, -0.07676, -0.23631, 0.04058, 0.96779
-0.03, 1.16, 0.10, -0.07532, -0.21543, 0.04196, 0.97271
-0.03, 1.16, 0.10, -0.07379, -0.19407, 0.04326, 0.97725
-0.03, 1.16, 0.10, -0.07222, -0.17314, 0.04462, 0.98123
-0.02, 1.16, 0.10, -0.07004, -0.15219, 0.04622, 0.98478
-0.02, 1.16, 0.10, -0.06827, -0.13138, 0.04702, 0.98786
-0.02, 1.16, 0.10, -0.06649, -0.11043, 0.04716, 0.99054
-0.02, 1.16, 0.10, -0.06531, -0.08942, 0.04745, 0.99272
-0.02, 1.16, 0.10, -0.06407, -0.06892, 0.04836, 0.99439
-0.02, 1.16, 0.11, -0.06316, -0.04851, 0.04979, 0.99558
-0.01, 1.16, 0.11, -0.06225, -0.02883, 0.05090, 0.99634
-0.01, 1.16, 0.11, -0.06156, -0.00959, 0.05128, 0.99674
-0.01, 1.16, 0.11, -0.06075, 0.00918, 0.05096, 0.99681
-0.01, 1.16, 0.11, -0.06031, 0.02803, 0.05064, 0.99650
-0.01, 1.16, 0.11, -0.06108, 0.04651, 0.05043, 0.99577
0.00, 1.16, 0.10, -0.06205, 0.06443, 0.05009, 0.99473
0.00, 1.16, 0.10, -0.06327, 0.08170, 0.04868, 0.99346
0.00, 1.16, 0.10, -0.06418, 0.09866, 0.04687, 0.99194
0.00, 1.16, 0.10, -0.06515, 0.11564, 0.04478, 0.99014
0.00, 1.16, 0.10, -0.06642, 0.13277, 0.04342, 0.98797
0.00, 1.16, 0.10, -0.06722, 0.14895, 0.04270, 0.98563
0.01, 1.16, 0.10, -0.06696, 0.16535, 0.04179, 0.98307
0.01, 1.16, 0.10, -0.06673, 0.18169, 0.04065, 0.98025
0.01, 1.16, 0.10, -0.06665, 0.19787, 0.03961, 0.97716
0.01, 1.16, 0.10, -0.06646, 0.21392, 0.03853, 0.97383
0.01, 1.16, 0.10, -0.06630, 0.22962, 0.03787, 0.97028
0.02, 1.15, 0.10, -0.06554, 0.24525, 0.03649, 0.96655
0.02, 1.15, 0.10, -0.06413, 0.26119, 0.03444, 0.96254
0.02, 1.15, 0.09, -0.06230, 0.27761, 0.03226, 0.95813
0.02, 1.15, 0.09, -0.06144, 0.29405, 0.03041, 0.95333
0.02, 1.15, 0.09, -0.06096, 0.30990, 0.02798, 0.94840
0.03, 1.15, 0.09, -0.06102, 0.32539, 0.02443, 0.94329
0.03, 1.15, 0.09, -0.06004, 0.34131, 0.02045, 0.93781
0.03, 1.15, 0.09, -0.05860, 0.35772, 0.01700, 0.93183
0.03, 1.15, 0.09, -0.05722, 0.37431, 0.01350, 0.92544
0.03, 1.15, 0.08, -0.05581, 0.39132, 0.00951, 0.91851
0.04, 1.15, 0.08, -0.05520, 0.40762, 0.00548, 0.91147
0.04, 1.15, 0.08, -0.05498, 0.42375, 0.00141, 0.90411
0.04, 1.15, 0.08, -0.05462, 0.43921, -0.00248, 0.89672
0.04, 1.15, 0.08, -0.05489, 0.45491, -0.00580, 0.88883
0.04, 1.15, 0.07, -0.05542, 0.46950, -0.00766, 0.88116
0.04, 1.15, 0.07, -0.05641, 0.48442, -0.00840, 0.87297
0.05, 1.15, 0.07, -0.05771, 0.49854, -0.00809, 0.86490
0.05, 1.15, 0.07, -0.05895, 0.51204, -0.00740, 0.85691
0.05, 1.15, 0.06, -0.06014, 0.52554, -0.00575, 0.84862
0.05, 1.15, 0.06, -0.06108, 0.53907, -0.00269, 0.84004
0.05, 1.15, 0.06, -0.06125, 0.55252, 0.00136, 0.83124
0.05, 1.15, 0.06, -0.06075, 0.56572, 0.00638, 0.82233
0.05, 1.15, 0.06, -0.06023, 0.57726, 0.01056, 0.81427
0.05, 1.15, 0.05, -0.05973, 0.58813, 0.01315, 0.80645
0.05, 1.15, 0.05, -0.05904, 0.59807, 0.01435, 0.79914
0.05, 1.15, 0.05, -0.05803, 0.60648, 0.01396, 0.79285
0.05, 1.15, 0.05, -0.05630, 0.61301, 0.01289, 0.78796
0.05, 1.15, 0.05, -0.05531, 0.61820, 0.01234, 0.78397
0.05, 1.15, 0.05, -0.05477, 0.62202, 0.01118, 0.78100
0.05, 1.15, 0.05, -0.05430, 0.62348, 0.00916, 0.77990
0.05, 1.15, 0.05, -0.05385, 0.62472, 0.00732, 0.77895
0.05, 1.15, 0.05, -0.05349, 0.62519, 0.00599, 0.77861
0.05, 1.15, 0.04, -0.05324, 0.62519, 0.00488, 0.77864
0.05, 1.15, 0.04, -0.05380, 0.62484, 0.00417, 0.77888
0.05, 1.15, 0.04, -0.05413, 0.62484, 0.00370, 0.77886
0.05, 1.15, 0.04, -0.05452, 0.62488, 0.00373, 0.77881
0.05, 1.15, 0.04, -0.05510, 0.62520, 0.00445, 0.77851
0.05, 1.15, 0.04, -0.05584, 0.62577, 0.00520, 0.77799
0.05, 1.15, 0.04, -0.05700, 0.62676, 0.00651, 0.77709
0.05, 1.15, 0.04, -0.05827, 0.62800, 0.00721, 0.77600
0.05, 1.15, 0.04, -0.05927, 0.62964, 0.00764, 0.77459
0.05, 1.15, 0.04, -0.06045, 0.63150, 0.00837, 0.77297
0.05, 1.15, 0.04, -0.06145, 0.63343, 0.00886, 0.77131
0.05, 1.15, 0.04, -0.06240, 0.63527, 0.00906, 0.76972
0.05, 1.15, 0.04, -0.06292, 0.63722, 0.00917, 0.76806
0.05, 1.15, 0.04, -0.06305, 0.63886, 0.00949, 0.76668
0.05, 1.15, 0.04, -0.06240, 0.64067, 0.00983, 0.76521
0.05, 1.15, 0.04, -0.06223, 0.64201, 0.01048, 0.76409
0.05, 1.15, 0.04, -0.06206, 0.64326, 0.01105, 0.76305
0.05, 1.15, 0.04, -0.06131, 0.64401, 0.01191, 0.76246
0.05, 1.15, 0.04, -0.05992, 0.64413, 0.01273, 0.76246
0.05, 1.15, 0.04, -0.05907, 0.64396, 0.01388, 0.76265
0.05, 1.15, 0.04, -0.05821, 0.64372, 0.01494, 0.76289
0.05, 1.15, 0.04, -0.05798, 0.64336, 0.01613, 0.76319
0.05, 1.15, 0.04, -0.05834, 0.64283, 0.01705, 0.76360
0.05, 1.15, 0.04, -0.05886, 0.64255, 0.01754, 0.76377
0.05, 1.15, 0.04, -0.05922, 0.64257, 0.01787, 0.76372
0.05, 1.15, 0.04, -0.05977, 0.64273, 0.01870, 0.76353
0.05, 1.15, 0.04, -0.06029, 0.64342, 0.01969, 0.76288
0.05, 1.15, 0.04, -0.05994, 0.64391, 0.02040, 0.76248
0.05, 1.15, 0.04, -0.05964, 0.64468, 0.02134, 0.76183
0.05, 1.15, 0.04, -0.05917, 0.64550, 0.02164, 0.76116
0.05, 1.15, 0.04, -0.05811, 0.64642, 0.02124, 0.76047
0.05, 1.15, 0.04, -0.05717, 0.64723, 0.02094, 0.75986
0.05, 1.15, 0.04, -0.05642, 0.64832, 0.02031, 0.75900
0.05, 1.15, 0.04, -0.05568, 0.64920, 0.02005, 0.75831
0.05, 1.15, 0.04, -0.05469, 0.64975, 0.01989, 0.75792
0.05, 1.14, 0.04, -0.05274, 0.64999, 0.01946, 0.75786
0.05, 1.14, 0.04, -0.05158, 0.65022, 0.01891, 0.75776
0.05, 1.14, 0.04, -0.05073, 0.65054, 0.01789, 0.75756
0.05, 1.14, 0.04, -0.05001, 0.65053, 0.01674, 0.75765
0.05, 1.14, 0.04, -0.04910, 0.65054, 0.01639, 0.75770
0.05, 1.14, 0.04, -0.04856, 0.65035, 0.01601, 0.75791
0.05, 1.14, 0.04, -0.04812, 0.65024, 0.01581, 0.75804
0.05, 1.14, 0.04, -0.04775, 0.65023, 0.01544, 0.75808
0.05, 1.14, 0.04, -0.04749, 0.65018, 0.01531, 0.75814
0.05, 1.14, 0.04, -0.04690, 0.65023, 0.01556, 0.75813
0.05, 1.14, 0.04, -0.04669, 0.65020, 0.01584, 0.75816
0.05, 1.14, 0.04, -0.04675, 0.65029, 0.01603, 0.75807
0.05, 1.14, 0.04, -0.04715, 0.65032, 0.01633, 0.75802
0.05, 1.14, 0.04, -0.04744, 0.65013, 0.01684, 0.75815
0.05, 1.14, 0.04, -0.04770, 0.65005, 0.01716, 0.75820
0.05, 1.14, 0.04, -0.04734, 0.65015, 0.01722, 0.75813
0.05, 1.14, 0.04, -0.04683, 0.65037, 0.01755, 0.75797
0.05, 1.14, 0.04, -0.04668, 0.65049, 0.01786, 0.75787
0.05, 1.14, 0.04, -0.04680, 0.65057, 0.01833, 0.75778
0.05, 1.14, 0.04, -0.04716, 0.65075, 0.01926, 0.75758
0.05, 1.14, 0.04, -0.04755, 0.65076, 0.02016, 0.75752
0.05, 1.15, 0.04, -0.04822, 0.65107, 0.02149, 0.75718
0.05, 1.15, 0.04, -0.04887, 0.65159, 0.02322, 0.75664
0.05, 1.15, 0.04, -0.04969, 0.65198, 0.02475, 0.75620
0.05, 1.15, 0.04, -0.05050, 0.65216, 0.02573, 0.75596
0.05, 1.15, 0.04, -0.05083, 0.65238, 0.02659, 0.75572
0.05, 1.15, 0.04, -0.05051, 0.65276, 0.02775, 0.75537
0.05, 1.15, 0.04, -0.04954, 0.65306, 0.02938, 0.75511
0.05, 1.15, 0.04, -0.04923, 0.65327, 0.03050, 0.75491
0.05, 1.15, 0.04, -0.04936, 0.65311, 0.03076, 0.75502
0.04, 1.15, 0.04, -0.04980, 0.65272, 0.03017, 0.75536
0.04, 1.15, 0.04, -0.04920, 0.65251, 0.03030, 0.75557
0.04, 1.15, 0.04, -0.04845, 0.65217, 0.03095, 0.75589
0.04, 1.15, 0.04, -0.04716, 0.65180, 0.03150, 0.75627
0.04, 1.15, 0.04, -0.04619, 0.65100, 0.03134, 0.75702
0.04, 1.15, 0.04, -0.04568, 0.65025, 0.03080, 0.75772
0.04, 1.15, 0.04, -0.04531, 0.64945, 0.03049, 0.75844
0.04, 1.15, 0.04, -0.04487, 0.64873, 0.03083, 0.75906
0.04, 1.15, 0.04, -0.04427, 0.64797, 0.03107, 0.75974
0.04, 1.15, 0.04, -0.04350, 0.64739, 0.03112, 0.76028
0.04, 1.15, 0.04, -0.04315, 0.64668, 0.03095, 0.76091
0.04, 1.15, 0.04, -0.04346, 0.64600, 0.03039, 0.76150
0.04, 1.15, 0.05, -0.04375, 0.64553, 0.03016, 0.76189
0.04, 1.15, 0.05, -0.04365, 0.64533, 0.03018, 0.76206
0.04, 1.15, 0.04, -0.04346, 0.64514, 0.03055, 0.76222
0.04, 1.15, 0.04, -0.04312, 0.64482, 0.03065, 0.76250
0.04, 1.15, 0.04, -0.04314, 0.64450, 0.03007, 0.76280
0.04, 1.15, 0.04, -0.04317, 0.64403, 0.02893, 0.76324
0.04, 1.15, 0.04, -0.04303, 0.64339, 0.02855, 0.76380
0.04, 1.15, 0.05, -0.04244, 0.64257, 0.02805, 0.76454
0.04, 1.15, 0.05, -0.04136, 0.64137, 0.02751, 0.76562
0.04, 1.15, 0.05, -0.04029, 0.63924, 0.02645, 0.76750
0.04, 1.15, 0.05, -0.03993, 0.63657, 0.02500, 0.76978
0.04, 1.14, 0.05, -0.03953, 0.63284, 0.02330, 0.77292
0.04, 1.14, 0.05, -0.03892, 0.62780, 0.02117, 0.77711
0.05, 1.14, 0.05, -0.03754, 0.62207, 0.01905, 0.78183
0.05, 1.14, 0.05, -0.03559, 0.61541, 0.01677, 0.78722
0.05, 1.14, 0.05, -0.03267, 0.60759, 0.01424, 0.79345
0.05, 1.14, 0.05, -0.02895, 0.59823, 0.01208, 0.80071
0.05, 1.14, 0.05, -0.02614, 0.58884, 0.01033, 0.80776
0.05, 1.14, 0.05, -0.02360, 0.57915, 0.00855, 0.81484
0.04, 1.14, 0.06, -0.02170, 0.56934, 0.00645, 0.82179
0.04, 1.14, 0.06, -0.02020, 0.56012, 0.00446, 0.82815
0.04, 1.14, 0.06, -0.01909, 0.55141, 0.00294, 0.83401
0.04, 1.14, 0.06, -0.01879, 0.54222, 0.00095, 0.84003
0.04, 1.14, 0.06, -0.01911, 0.53270, -0.00137, 0.84609
0.04, 1.14, 0.06, -0.02132, 0.52248, -0.00410, 0.85238
0.04, 1.14, 0.06, -0.02320, 0.51128, -0.00594, 0.85908
0.04, 1.14, 0.06, -0.02630, 0.50030, -0.00662, 0.86543
0.04, 1.15, 0.06, -0.02959, 0.48959, -0.00720, 0.87142
0.04, 1.15, 0.07, -0.03357, 0.47938, -0.00890, 0.87692
0.04, 1.15, 0.07, -0.03806, 0.46924, -0.01145, 0.88218
0.04, 1.15, 0.07, -0.04316, 0.45888, -0.01518, 0.88732
0.04, 1.15, 0.07, -0.04762, 0.44859, -0.01862, 0.89227
0.04, 1.15, 0.07, -0.05108, 0.43905, -0.02147, 0.89675
0.04, 1.15, 0.07, -0.05384, 0.42961, -0.02323, 0.90111
0.04, 1.15, 0.07, -0.05615, 0.41992, -0.02450, 0.90549
0.04, 1.15, 0.07, -0.05879, 0.40948, -0.02521, 0.91007
0.03, 1.15, 0.07, -0.06099, 0.39817, -0.02585, 0.91492
0.03, 1.15, 0.07, -0.06243, 0.38646, -0.02684, 0.91980
0.03, 1.15, 0.08, -0.06299, 0.37420, -0.02790, 0.92479
0.03, 1.15, 0.08, -0.06301, 0.36146, -0.02810, 0.92983
0.03, 1.15, 0.08, -0.06267, 0.34813, -0.02740, 0.93495
0.03, 1.15, 0.08, -0.06171, 0.33360, -0.02580, 0.94034
0.03, 1.15, 0.08, -0.06022, 0.31929, -0.02396, 0.94544
0.03, 1.15, 0.08, -0.05828, 0.30455, -0.02203, 0.95046
0.02, 1.15, 0.08, -0.05578, 0.28943, -0.02007, 0.95536
0.02, 1.15, 0.08, -0.05259, 0.27406, -0.01751, 0.96011
0.02, 1.15, 0.09, -0.04975, 0.25811, -0.01516, 0.96471
0.02, 1.15, 0.09, -0.04750, 0.24127, -0.01300, 0.96921
0.02, 1.15, 0.09, -0.04586, 0.22411, -0.01129, 0.97342
0.02, 1.15, 0.09, -0.04394, 0.20672, -0.00966, 0.97736
0.02, 1.15, 0.09, -0.04150, 0.18962, -0.00769, 0.98095
0.01, 1.15, 0.09, -0.03899, 0.17223, -0.00605, 0.98427
0.01, 1.15, 0.09, -0.03705, 0.15502, -0.00459, 0.98721
0.01, 1.15, 0.09, -0.03587, 0.13752, -0.00315, 0.98984
0.01, 1.15, 0.10, -0.03469, 0.12023, -0.00222, 0.99214
0.01, 1.15, 0.10, -0.03345, 0.10327, -0.00192, 0.99409
0.00, 1.15, 0.10, -0.03219, 0.08668, -0.00261, 0.99571
0.00, 1.15, 0.10, -0.03016, 0.07009, -0.00350, 0.99708
0.00, 1.15, 0.10, -0.02838, 0.05411, -0.00447, 0.99812
0.00, 1.15, 0.10, -0.02656, 0.03795, -0.00512, 0.99891
0.00, 1.15, 0.10, -0.02592, 0.02235, -0.00574, 0.99940
0.00, 1.15, 0.10, -0.02594, 0.00727, -0.00544, 0.99962
-0.01, 1.15, 0.10, -0.02641, -0.00694, -0.00480, 0.99962
-0.01, 1.15, 0.10, -0.02642, -0.02074, -0.00335, 0.99943
-0.01, 1.15, 0.10, -0.02635, -0.03433, -0.00127, 0.99906
-0.01, 1.15, 0.10, -0.02658, -0.04717, 0.00133, 0.99853
-0.01, 1.15, 0.11, -0.02695, -0.05998, 0.00355, 0.99783
-0.02, 1.15, 0.11, -0.02722, -0.07234, 0.00557, 0.99699
-0.02, 1.15, 0.11, -0.02769, -0.08414, 0.00811, 0.99604
-0.02, 1.15, 0.11, -0.02823, -0.09512, 0.01084, 0.99501
-0.02, 1.15, 0.11, -0.02857, -0.10580, 0.01362, 0.99388
-0.02, 1.15, 0.11, -0.02891, -0.11611, 0.01618, 0.99268
-0.02, 1.15, 0.11, -0.03000, -0.12569, 0.01826, 0.99145
-0.02, 1.15, 0.11, -0.03073, -0.13474, 0.01992, 0.99020
-0.02, 1.15, 0.11, -0.03137, -0.14295, 0.02104, 0.98901
-0.03, 1.15, 0.11, -0.03217, -0.15017, 0.02196, 0.98789
-0.03, 1.15, 0.11, -0.03343, -0.15646, 0.02301, 0.98685
-0.03, 1.15, 0.11, -0.03491, -0.16316, 0.02328, 0.98571
-0.03, 1.15, 0.11, -0.03601, -0.17024, 0.02218, 0.98450
-0.03, 1.15, 0.11, -0.03571, -0.17687, 0.01975, 0.98339
-0.03, 1.15, 0.11, -0.03451, -0.18177, 0.01681, 0.98259
-0.03, 1.15, 0.11, -0.03297, -0.18524, 0.01367, 0.98205
-0.03, 1.15, 0.11, -0.03244, -0.18850, 0.01112, 0.98147
-0.03, 1.15, 0.11, -0.03284, -0.19112, 0.00924, 0.98097
-0.03, 1.15, 0.11, -0.03414, -0.19325, 0.00754, 0.98053
-0.03, 1.15, 0.11, -0.03539, -0.19501, 0.00616, 0.98014
-0.03, 1.15, 0.10, -0.03616, -0.19577, 0.00497, 0.97997
-0.03, 1.15, 0.10, -0.03678, -0.19555, 0.00415, 0.97999
-0.03, 1.15, 0.10, -0.03722, -0.19448, 0.00374, 0.98019
-0.03, 1.15, 0.10, -0.03785, -0.19259, 0.00367, 0.98054
-0.03, 1.15, 0.10, -0.03886, -0.19094, 0.00343, 0.98083
-0.03, 1.15, 0.10, -0.03972, -0.18896, 0.00348, 0.98117
-0.03, 1.15, 0.10, -0.04021, -0.18647, 0.00347, 0.98163
-0.03, 1.15, 0.10, -0.04048, -0.18346, 0.00354, 0.98219
-0.03, 1.15, 0.10, -0.04018, -0.17997, 0.00373, 0.98284
-0.03, 1.15, 0.10, -0.03969, -0.17595, 0.00394, 0.98359
-0.03, 1.15, 0.10, -0.03922, -0.17192, 0.00427, 0.98432
-0.03, 1.15, 0.10, -0.03878, -0.16794, 0.00472, 0.98502
-0.03, 1.15, 0.10, -0.03842, -0.16427, 0.00525, 0.98565
-0.03, 1.15, 0.10, -0.03812, -0.16047, 0.00553, 0.98629
-0.03, 1.15, 0.10, -0.03780, -0.15683, 0.00578, 0.98689
-0.03, 1.15, 0.10, -0.03705, -0.15295, 0.00578, 0.98752
-0.03, 1.15, 0.10, -0.03636, -0.14916, 0.00557, 0.98813
-0.03, 1.15, 0.10, -0.03623, -0.14523, 0.00541, 0.98872
-0.02, 1.15, 0.10, -0.03632, -0.14177, 0.00509, 0.98922
-0.02, 1.15, 0.10, -0.03658, -0.13880, 0.00471, 0.98963
-0.02, 1.15, 0.10, -0.03662, -0.13629, 0.00425, 0.98998
-0.02, 1.15, 0.10, -0.03661, -0.13385, 0.00361, 0.99032
-0.02, 1.15, 0.10, -0.03608, -0.13118, 0.00292, 0.99070
-0.02, 1.15, 0.10, -0.03579, -0.12861, 0.00213, 0.99105
-0.02, 1.15, 0.10, -0.03589, -0.12607, 0.00146, 0.99137
-0.02, 1.15, 0.10, -0.03617, -0.12406, 0.00076, 0.99161
-0.02, 1.15, 0.10, -0.03602, -0.12223, 0.00021, 0.99185
-0.02, 1.15, 0.10, -0.03520, -0.12085, -0.00027, 0.99205
-0.02, 1.15, 0.10, -0.03414, -0.11924, -0.00080, 0.99228
-0.02, 1.15, 0.10, -0.03351, -0.11765, -0.00067, 0.99249
-0.02, 1.15, 0.10, -0.03378, -0.11573, -0.00021, 0.99271
-0.02, 1.15, 0.10, -0.03408, -0.11389, 0.00077, 0.99291
-0.02, 1.15, 0.10, -0.03445, -0.11187, 0.00145, 0.99312
-0.02, 1.15, 0.10, -0.03471, -0.11032, 0.00232, 0.99329
-0.02, 1.15, 0.10, -0.03464, -0.10875, 0.00266, 0.99346
-0.02, 1.15, 0.10, -0.03519, -0.10754, 0.00293, 0.99357
-0.02, 1.15, 0.10, -0.03556, -0.10601, 0.00311, 0.99372
-0.02, 1.15, 0.10, -0.03606, -0.10458, 0.00300, 0.99386
-0.02, 1.15, 0.10, -0.03614, -0.10311, 0.00317, 0.99401
-0.02, 1.15, 0.11, -0.03619, -0.10216, 0.00373, 0.99410
-0.02, 1.15, 0.10, -0.03621, -0.10118, 0.00401, 0.99420
-0.02, 1.15, 0.10, -0.03636, -0.10039, 0.00419, 0.99427
-0.02, 1.15, 0.10, -0.03604, -0.09999, 0.00441, 0.99433
-0.02, 1.15, 0.11, -0.03580, -0.09961, 0.00464, 0.99437
-0.02, 1.15, 0.10, -0.03587, -0.09911, 0.00471, 0.99442
-0.02, 1.15, 0.10, -0.03572, -0.09883, 0.00510, 0.99445
-0.02, 1.15, 0.10, -0.03561, -0.09871, 0.00550, 0.99446
-0.02, 1.15, 0.10, -0.03572, -0.09863, 0.00571, 0.99447
-0.02, 1.15, 0.10, -0.03545, -0.09874, 0.00570, 0.99447
-0.02, 1.15, 0.10, -0.03527, -0.09895, 0.00578, 0.99445
-0.02, 1.15, 0.10, -0.03528, -0.09901, 0.00564, 0.99445
-0.02, 1.15, 0.10, -0.03493, -0.09966, 0.00520, 0.99439
-0.02, 1.15, 0.11, -0.03473, -0.10001, 0.00470, 0.99437
-0.02, 1.15, 0.11, -0.03506, -0.10028, 0.00449, 0.99433
-0.02, 1.15, 0.11, -0.03518, -0.10068, 0.00450, 0.99429
-0.02, 1.15, 0.11, -0.03531, -0.10081, 0.00441, 0.99427
-0.02, 1.15, 0.11, -0.03545, -0.10096, 0.00432, 0.99425
-0.02, 1.15, 0.11, -0.03525, -0.10112, 0.00432, 0.99424
-0.02, 1.15, 0.11, -0.03504, -0.10104, 0.00431, 0.99426
-0.02, 1.15, 0.11, -0.03448, -0.10086, 0.00425, 0.99429
-0.02, 1.15, 0.11, -0.03423, -0.10075, 0.00422, 0.99431
-0.02, 1.15, 0.11, -0.03401, -0.10032, 0.00400, 0.99437
-0.02, 1.15, 0.11, -0.03383, -0.09981, 0.00366, 0.99442
-0.02, 1.15, 0.11, -0.03374, -0.09910, 0.00338, 0.99450
-0.02, 1.15, 0.11, -0.03363, -0.09834, 0.00320, 0.99458
-0.02, 1.15, 0.11, -0.03336, -0.09767, 0.00334, 0.99465
-0.02, 1.15, 0.11, -0.03333, -0.09694, 0.00332, 0.99473
-0.02, 1.15, 0.11, -0.03303, -0.09594, 0.00324, 0.99483
-0.02, 1.15, 0.11, -0.03287, -0.09522, 0.00305, 0.99491
-0.02, 1.15, 0.11, -0.03277, -0.09410, 0.00332, 0.99502
-0.02, 1.15, 0.11, -0.03258, -0.09322, 0.00332, 0.99511
-0.02, 1.15, 0.11, -0.03210, -0.09045, 0.00356, 0.99538
-0.02, 1.15, 0.11, -0.03180, -0.08931, 0.00382, 0.99549
-0.02, 1.15, 0.11, -0.03169, -0.08779, 0.00430, 0.99563
-0.02, 1.15, 0.11, -0.03158, -0.08657, 0.00444, 0.99574
-0.02, 1.15, 0.11, -0.03143, -0.08541, 0.00458, 0.99584
-0.01, 1.15, 0.11, -0.03138, -0.08427, 0.00427, 0.99594
-0.01, 1.15, 0.11, -0.03145, -0.08314, 0.00406, 0.99603
-0.01, 1.15, 0.11, -0.03150, -0.08210, 0.00392, 0.99612
-0.01, 1.15, 0.11, -0.03169, -0.08102, 0.00380, 0.99620
-0.01, 1.15, 0.11, -0.03173, -0.08026, 0.00375, 0.99626
-0.01, 1.15, 0.11, -0.03153, -0.07959, 0.00377, 0.99632
-0.01, 1.15, 0.11, -0.03144, -0.07877, 0.00370, 0.99639
-0.01, 1.15, 0.11, -0.03106, -0.07820, 0.00368, 0.99645
0.00, 0.00, 0.00, 0.00000, 0.00000, 0.00000, 1.00000
